6 49688921063
6 49688921077
6 49688921082
6 49688921102
6 49688921108
6 49688921116
6 49688921132
6 49688921148
6 49688921156
6 49688921161
6 49688921179
6 49688921199
6 49688921217
6 49688921223
7 49688921710
7 49688921717
7 49688921725
7 49688921730
7 49688921744
7 49688921750
7 49688921754
7 49688921762
7 49688921770
7 49688921778
7 49688921788
7 49688921794
7 49688921799
7 49688921808
7 49688921812
7 49688921818
7 49688921822
7 49688921829
7 49688921836
7 49688921841
7 49688921847
7 49688921857
7 49688921863
7 49688921867
7 49688921873
7 49688921877
7 49688921881
7 49688921888
9 49688923099
9 49688923103
9 49688923107
9 49688923111
9 49688923116
9 49688923121
9 49688923125
9 49688923129
9 49688923133
9 49688923137
9 49688923146
9 49688923152
9 49688923156
9 49688923160
9 49688923164
9 49688923168
9 49688923173
9 49688923177
9 49688923183
9 49688923187
9 49688923191
9 49688923202
9 49688923206
9 49688923211
9 49688923216
9 49688923222
9 49688923226
9 49688923240
9 49688923245
9 49688923249
9 49688923253
9 49688923258
9 49688923263
10 49688923755
10 49688923761
10 49688923765
10 49688923769
10 49688923775
10 49688923784
10 49688923788
10 49688923795
10 49688923800
10 49688923806
10 49688923810
10 49688923814
10 49688923828
10 49688923832
10 49688923836
10 49688923840
10 49688923844
10 49688923848
10 49688923855
10 49688923863
10 49688923868
10 49688923872
10 49688923878
10 49688923882
10 49688923886
10 49688923893
10 49688923898
10 49688923902
10 49688923908
10 49688923913
10 49688923921
10 49688923926
10 49688923930
