5 49688855634
6 49688856160
6 49688856172
6 49688856178
6 49688856187
6 49688856241
6 49688856256
6 49688856281
6 49688856287
6 49688856295
6 49688856300
6 49688856322
6 49688856328
7 49688856824
7 49688856841
7 49688856853
7 49688856860
7 49688856869
7 49688856873
7 49688856877
7 49688856881
7 49688856888
7 49688856900
7 49688856906
7 49688856912
7 49688856917
7 49688856929
7 49688856937
7 49688856941
7 49688856945
7 49688856950
7 49688856955
7 49688856973
7 49688856981
8 49688857467
8 49688857472
8 49688857481
8 49688857486
8 49688857493
8 49688857499
8 49688857507
8 49688857525
8 49688857529
8 49688857533
8 49688857537
8 49688857542
8 49688857553
8 49688857558
8 49688857562
8 49688857566
8 49688857570
8 49688857575
8 49688857580
8 49688857585
8 49688857589
8 49688857594
8 49688857602
8 49688857610
8 49688857615
8 49688857622
8 49688857626
8 49688857630
8 49688857634
8 49688857638
10 49688858846
10 49688858850
10 49688858855
10 49688858866
10 49688858872
10 49688858876
10 49688858886
10 49688858890
10 49688858896
10 49688858903
10 49688858908
10 49688858912
10 49688858918
10 49688858922
10 49688858926
10 49688858930
10 49688858936
10 49688858944
10 49688858951
10 49688858955
10 49688858960
10 49688858964
10 49688858968
10 49688858972
10 49688858977
10 49688858981
10 49688858992
10 49688858999
10 49688859003
10 49688859007
10 49688859012
10 49688859017
