6 49688830530
6 49688830535
6 49688830553
6 49688830561
6 49688830587
6 49688830597
6 49688830606
6 49688830621
6 49688830629
6 49688830638
6 49688830643
6 49688830652
6 49688830675
6 49688830682
7 49688831176
7 49688831183
7 49688831188
7 49688831193
7 49688831198
7 49688831206
7 49688831210
7 49688831217
7 49688831223
7 49688831230
7 49688831235
7 49688831240
7 49688831247
7 49688831251
7 49688831255
7 49688831264
7 49688831269
7 49688831277
7 49688831283
7 49688831287
7 49688831296
7 49688831301
7 49688831306
7 49688831310
7 49688831314
7 49688831319
7 49688831324
7 49688831328
7 49688831334
7 49688831338
7 49688831346
8 49688831827
8 49688831831
8 49688831842
8 49688831846
8 49688831850
8 49688831855
8 49688831859
8 49688831863
8 49688831869
8 49688831874
8 49688831878
8 49688831888
8 49688831892
8 49688831896
8 49688831901
8 49688831916
8 49688831920
8 49688831926
8 49688831931
8 49688831936
8 49688831941
8 49688831945
8 49688831949
8 49688831954
8 49688831959
8 49688831964
8 49688831971
8 49688831977
8 49688831981
8 49688831986
8 49688831991
8 49688831996
8 49688832001
8 49688832005
9 49688832500
9 49688832505
9 49688832509
9 49688832513
9 49688832518
9 49688832522
9 49688832533
9 49688832541
9 49688832546
9 49688832552
9 49688832556
9 49688832563
9 49688832567
9 49688832571
9 49688832576
9 49688832580
9 49688832585
9 49688832590
9 49688832596
9 49688832601
9 49688832608
9 49688832615
9 49688832619
9 49688832624
9 49688832628
9 49688832633
9 49688832639
9 49688832644
9 49688832648
9 49688832657
9 49688832661
9 49688832664
9 49688832669
9 49688832672
10 49688833155
10 49688833161
10 49688833166
10 49688833172
10 49688833176
10 49688833186
10 49688833190
10 49688833195
10 49688833201
10 49688833205
10 49688833211
10 49688833215
10 49688833221
10 49688833230
10 49688833234
10 49688833238
10 49688833247
10 49688833251
10 49688833255
10 49688833260
10 49688833264
10 49688833268
10 49688833273
10 49688833277
10 49688833282
10 49688833288
10 49688833292
10 49688833296
10 49688833308
10 49688833313
10 49688833320
10 49688833325
