6 49688900504
6 49688900520
6 49688900529
6 49688900544
6 49688900549
6 49688900560
6 49688900578
6 49688900587
6 49688900599
6 49688900641
6 49688900663
6 49688900667
7 49688901158
7 49688901162
7 49688901168
7 49688901173
7 49688901192
7 49688901196
7 49688901201
7 49688901205
7 49688901209
7 49688901213
7 49688901218
7 49688901222
7 49688901233
7 49688901237
7 49688901243
7 49688901252
7 49688901256
7 49688901262
7 49688901266
7 49688901271
7 49688901275
7 49688901297
7 49688901302
7 49688901306
7 49688901310
7 49688901314
7 49688901325
7 49688901329
9 49688902546
9 49688902551
9 49688902556
9 49688902560
9 49688902565
9 49688902572
9 49688902579
9 49688902584
9 49688902590
9 49688902599
9 49688902603
9 49688902614
9 49688902619
9 49688902624
9 49688902628
9 49688902632
9 49688902636
9 49688902640
9 49688902647
9 49688902651
9 49688902655
9 49688902659
9 49688902664
9 49688902669
9 49688902674
9 49688902679
9 49688902684
9 49688902688
9 49688902692
9 49688902701
9 49688902706
10 49688903210
10 49688903215
10 49688903221
10 49688903225
10 49688903229
10 49688903236
10 49688903241
10 49688903245
10 49688903249
10 49688903253
10 49688903257
10 49688903261
10 49688903271
10 49688903280
10 49688903294
10 49688903298
10 49688903303
10 49688903307
10 49688903311
10 49688903315
10 49688903319
10 49688903324
10 49688903331
10 49688903335
10 49688903342
10 49688903345
10 49688903350
10 49688903356
10 49688903360
10 49688903365
10 49688903370
10 49688903374
