6 49688934071
6 49688934088
6 49688934113
6 49688934118
6 49688934135
6 49688934149
6 49688934199
6 49688934215
7 49688934716
7 49688934720
7 49688934728
7 49688934739
7 49688934743
7 49688934751
7 49688934755
7 49688934761
7 49688934766
7 49688934770
7 49688934777
7 49688934782
7 49688934786
7 49688934790
7 49688934794
7 49688934802
7 49688934809
7 49688934823
7 49688934828
7 49688934832
7 49688934839
7 49688934845
7 49688934849
7 49688934860
7 49688934864
7 49688934886
7 49688934891
8 49688935377
8 49688935382
8 49688935386
8 49688935394
8 49688935398
8 49688935402
8 49688935410
8 49688935414
8 49688935418
8 49688935423
8 49688935428
8 49688935432
8 49688935436
8 49688935455
8 49688935459
8 49688935463
8 49688935467
8 49688935476
8 49688935480
8 49688935486
8 49688935490
8 49688935501
8 49688935506
8 49688935511
8 49688935515
8 49688935523
8 49688935528
8 49688935533
8 49688935539
8 49688935548
9 49688936037
9 49688936043
9 49688936050
9 49688936061
9 49688936066
9 49688936073
9 49688936077
9 49688936081
9 49688936086
9 49688936091
9 49688936095
9 49688936100
9 49688936104
9 49688936108
9 49688936113
9 49688936120
9 49688936125
9 49688936129
9 49688936134
9 49688936138
9 49688936142
9 49688936147
9 49688936152
9 49688936156
9 49688936161
9 49688936165
9 49688936169
9 49688936174
9 49688936179
9 49688936183
9 49688936188
9 49688936192
9 49688936199
9 49688936203
9 49688936210
10 49688936690
10 49688936694
10 49688936709
10 49688936716
10 49688936720
10 49688936724
10 49688936728
10 49688936733
10 49688936737
10 49688936741
10 49688936745
10 49688936750
10 49688936754
10 49688936764
10 49688936768
10 49688936776
10 49688936780
10 49688936788
10 49688936793
10 49688936797
10 49688936801
10 49688936805
10 49688936809
10 49688936813
10 49688936819
10 49688936823
10 49688936828
10 49688936833
10 49688936840
10 49688936849
10 49688936853
10 49688936858
10 49688936862
10 49688936866
