6 49688842965
6 49688842975
6 49688842995
6 49688843009
6 49688843038
6 49688843042
6 49688843052
6 49688843056
6 49688843069
6 49688843075
6 49688843096
6 49688843113
7 49688843626
7 49688843631
7 49688843636
7 49688843640
7 49688843644
7 49688843648
7 49688843652
7 49688843665
7 49688843671
7 49688843676
7 49688843685
7 49688843689
7 49688843706
7 49688843715
7 49688843721
7 49688843727
7 49688843732
7 49688843737
7 49688843742
7 49688843752
7 49688843760
7 49688843765
7 49688843769
7 49688843780
7 49688843785
7 49688843790
7 49688843794
8 49688844279
8 49688844283
8 49688844288
8 49688844296
8 49688844300
8 49688844307
8 49688844312
8 49688844317
8 49688844321
8 49688844325
8 49688844329
8 49688844334
8 49688844341
8 49688844346
8 49688844356
8 49688844360
8 49688844364
8 49688844368
8 49688844373
8 49688844377
8 49688844381
8 49688844386
8 49688844391
8 49688844396
8 49688844401
8 49688844406
8 49688844411
8 49688844415
8 49688844419
8 49688844428
8 49688844433
8 49688844442
8 49688844446
8 49688844451
8 49688844455
9 49688844955
9 49688844974
9 49688844979
9 49688844983
9 49688844987
9 49688844992
9 49688844998
9 49688845010
9 49688845018
9 49688845024
9 49688845028
9 49688845033
9 49688845037
9 49688845042
9 49688845046
9 49688845050
9 49688845056
9 49688845069
9 49688845073
9 49688845079
9 49688845084
9 49688845088
9 49688845092
9 49688845096
9 49688845100
9 49688845106
9 49688845112
9 49688845117
10 49688845602
10 49688845606
10 49688845610
10 49688845619
10 49688845626
10 49688845630
10 49688845635
10 49688845643
10 49688845647
10 49688845653
10 49688845658
10 49688845663
10 49688845667
10 49688845671
10 49688845676
10 49688845680
10 49688845686
10 49688845690
10 49688845694
10 49688845698
10 49688845703
10 49688845707
10 49688845712
10 49688845717
10 49688845721
10 49688845726
10 49688845732
10 49688845738
10 49688845745
10 49688845749
10 49688845753
10 49688845757
10 49688845761
10 49688845769
10 49688845776
