6 49688815385
6 49688815389
6 49688815402
6 49688815406
6 49688815412
6 49688815443
6 49688815453
6 49688815475
6 49688815510
6 49688815530
6 49688815538
6 49688815545
7 49688816037
7 49688816043
7 49688816047
7 49688816053
7 49688816058
7 49688816063
7 49688816068
7 49688816072
7 49688816077
7 49688816085
7 49688816092
7 49688816099
7 49688816104
7 49688816111
7 49688816120
7 49688816125
7 49688816131
7 49688816136
7 49688816143
7 49688816149
7 49688816154
7 49688816163
7 49688816169
7 49688816176
7 49688816180
7 49688816188
7 49688816196
7 49688816203
8 49688816702
8 49688816710
8 49688816714
8 49688816720
9 49688817208
9 49688817224
9 49688817228
9 49688817234
9 49688817239
9 49688817243
9 49688817247
9 49688817251
9 49688817259
9 49688817263
9 49688817268
9 49688817274
9 49688817278
9 49688817283
9 49688817287
9 49688817292
9 49688817296
9 49688817300
9 49688817304
9 49688817310
9 49688817314
9 49688817321
9 49688817325
9 49688817329
9 49688817333
9 49688817341
9 49688817345
9 49688817349
9 49688817353
9 49688817359
9 49688817364
9 49688817369
9 49688817374
9 49688817378
9 49688817383
10 49688817877
10 49688817890
10 49688817894
10 49688817901
10 49688817905
10 49688817911
10 49688817915
10 49688817920
10 49688817934
10 49688817938
10 49688817948
10 49688817952
10 49688817958
10 49688817962
10 49688817966
10 49688817970
10 49688817975
10 49688817979
10 49688817984
10 49688817988
10 49688817992
10 49688817997
10 49688818002
10 49688818008
10 49688818012
10 49688818016
10 49688818021
10 49688818027
10 49688818031
10 49688818035
10 49688818042
10 49688818047
