7 49959584263
7 49959584307
7 49959584317
7 49959584321
7 49959584338
7 49959584344
7 49959584371
7 49959584385
7 49959584401
7 49959584405
8 49959584913
8 49959584917
8 49959584921
8 49959584928
8 49959584936
8 49959584944
8 49959584950
8 49959584965
8 49959584969
8 49959584979
8 49959584988
8 49959584997
8 49959585001
8 49959585010
8 49959585014
8 49959585020
8 49959585026
8 49959585031
8 49959585035
8 49959585039
8 49959585046
8 49959585050
8 49959585056
8 49959585060
8 49959585068
8 49959585075
8 49959585082
10 49959586306
10 49959586311
10 49959586320
10 49959586325
10 49959586332
10 49959586339
10 49959586348
10 49959586354
10 49959586361
10 49959586365
10 49959586369
10 49959586377
10 49959586381
10 49959586385
10 49959586391
10 49959586396
10 49959586400
10 49959586404
10 49959586411
10 49959586416
10 49959586420
10 49959586424
10 49959586429
10 49959586433
10 49959586442
10 49959586449
10 49959586453
10 49959586458
10 49959586462
10 49959586466
10 49959586470
