6 49959671364
7 49959671979
7 49959671998
7 49959672003
7 49959672014
7 49959672022
7 49959672035
7 49959672039
7 49959672044
7 49959672054
7 49959672058
7 49959672063
7 49959672070
7 49959672077
7 49959672087
7 49959672097
7 49959672126
7 49959672132
7 49959672136
7 49959672144
8 49959672634
8 49959672642
8 49959672650
8 49959672654
8 49959672659
8 49959672665
8 49959672672
8 49959672676
9 49959673176
9 49959673180
9 49959673184
9 49959673188
9 49959673194
9 49959673201
9 49959673205
9 49959673215
9 49959673221
9 49959673226
9 49959673232
9 49959673237
9 49959673245
9 49959673249
9 49959673255
9 49959673261
9 49959673266
9 49959673270
9 49959673274
9 49959673279
9 49959673283
9 49959673290
9 49959673295
9 49959673300
9 49959673305
9 49959673309
9 49959673314
9 49959673320
9 49959673324
9 49959673328
9 49959673334
9 49959673339
9 49959673343
9 49959673347
10 49959673842
10 49959673850
10 49959673856
10 49959673872
10 49959673876
10 49959673897
10 49959673902
10 49959673907
10 49959673911
10 49959673915
10 49959673920
10 49959673925
10 49959673929
10 49959673934
10 49959673938
10 49959673943
10 49959673946
10 49959673953
10 49959673962
10 49959673967
10 49959673971
10 49959673975
10 49959673979
10 49959673983
10 49959673987
10 49959673991
10 49959673995
10 49959674002
10 49959674006
