6 49959624140
7 49959624744
7 49959624755
7 49959624759
7 49959624768
7 49959624780
7 49959624784
7 49959624794
7 49959624804
7 49959624821
7 49959624826
7 49959624839
7 49959624848
7 49959624857
7 49959624867
7 49959624889
8 49959625406
8 49959625420
8 49959625424
8 49959625431
8 49959625435
8 49959625440
8 49959625445
8 49959625452
9 49959625953
9 49959625959
9 49959625963
9 49959625967
9 49959625971
9 49959625975
9 49959625982
9 49959625990
9 49959625994
9 49959625998
9 49959626003
9 49959626007
9 49959626011
9 49959626016
9 49959626023
9 49959626027
9 49959626031
9 49959626038
9 49959626041
9 49959626052
9 49959626056
9 49959626060
9 49959626065
9 49959626068
9 49959626073
9 49959626077
9 49959626081
9 49959626085
9 49959626090
9 49959626095
9 49959626099
9 49959626103
9 49959626107
9 49959626115
9 49959626119
