7 49959611404
7 49959611408
7 49959611420
7 49959611426
7 49959611432
7 49959611437
7 49959611445
7 49959611452
7 49959611458
7 49959611466
7 49959611472
7 49959611493
7 49959611500
7 49959611513
7 49959611519
7 49959611527
7 49959611534
7 49959611539
7 49959611554
8 49959612053
8 49959612061
8 49959612065
8 49959612069
8 49959612073
8 49959612080
8 49959612087
8 49959612091
8 49959612101
8 49959612117
8 49959612125
8 49959612129
8 49959612136
8 49959612141
8 49959612146
8 49959612154
8 49959612161
8 49959612174
8 49959612179
8 49959612184
8 49959612188
8 49959612193
8 49959612197
8 49959612202
8 49959612215
8 49959612219
8 49959612224
8 49959612228
9 49959612721
9 49959612725
9 49959612729
9 49959612734
9 49959612740
9 49959612744
9 49959612755
9 49959612759
9 49959612767
9 49959612771
9 49959612777
9 49959612782
9 49959612788
9 49959612792
9 49959612796
9 49959612801
9 49959612806
9 49959612810
9 49959612815
9 49959612819
9 49959612823
9 49959612830
9 49959612834
9 49959612838
9 49959612844
9 49959612848
9 49959612852
9 49959612856
9 49959612860
9 49959612864
9 49959612869
9 49959612873
9 49959612879
9 49959612883
9 49959612889
10 49959613402
10 49959613408
10 49959613418
10 49959613422
10 49959613426
10 49959613433
10 49959613438
10 49959613443
10 49959613447
10 49959613451
10 49959613455
10 49959613459
10 49959613463
10 49959613467
10 49959613471
10 49959613476
10 49959613484
10 49959613489
10 49959613493
10 49959613497
10 49959613502
10 49959613506
10 49959613511
10 49959613520
10 49959613524
10 49959613529
10 49959613536
10 49959613541
10 49959613546
10 49959613550
10 49959613554
