6 49959636627
6 49959636702
6 49959636717
6 49959636765
7 49959637264
7 49959637269
7 49959637276
7 49959637286
7 49959637290
7 49959637297
7 49959637302
7 49959637343
7 49959637350
7 49959637371
7 49959637377
7 49959637414
7 49959637429
8 49959637921
8 49959637930
8 49959637937
8 49959637949
8 49959637957
8 49959637961
8 49959637966
8 49959637976
8 49959637980
8 49959637986
8 49959637990
8 49959637995
8 49959638000
8 49959638011
8 49959638015
8 49959638020
8 49959638024
8 49959638044
8 49959638048
8 49959638052
8 49959638056
8 49959638061
8 49959638067
8 49959638076
8 49959638082
8 49959638087
8 49959638092
10 49959639313
10 49959639320
10 49959639326
10 49959639330
10 49959639336
10 49959639341
10 49959639352
10 49959639356
10 49959639360
10 49959639366
10 49959639370
10 49959639376
10 49959639380
10 49959639384
10 49959639388
10 49959639393
10 49959639400
10 49959639404
10 49959639408
10 49959639413
10 49959639417
10 49959639422
10 49959639426
10 49959639434
10 49959639439
10 49959639444
10 49959639449
10 49959639459
10 49959639463
10 49959639467
10 49959639472
10 49959639476
10 49959639480
10 49959639484
