6 49959649175
6 49959649244
7 49959649759
7 49959649769
7 49959649773
7 49959649779
7 49959649784
7 49959649802
7 49959649828
7 49959649842
7 49959649847
7 49959649856
7 49959649877
7 49959649894
7 49959649902
7 49959649911
8 49959650404
8 49959650413
8 49959650421
8 49959650428
8 49959650435
8 49959650445
9 49959650938
9 49959650950
9 49959650957
9 49959650965
9 49959650969
9 49959650973
9 49959650978
9 49959650983
9 49959650987
9 49959650994
9 49959650998
9 49959651003
9 49959651007
9 49959651013
9 49959651022
9 49959651026
9 49959651030
9 49959651034
9 49959651039
9 49959651043
9 49959651047
9 49959651054
9 49959651060
9 49959651066
9 49959651073
9 49959651083
9 49959651087
9 49959651093
9 49959651097
9 49959651101
9 49959651105
9 49959651110
10 49959651604
10 49959651614
10 49959651620
10 49959651625
10 49959651632
10 49959651638
10 49959651645
10 49959651659
10 49959651670
10 49959651674
10 49959651679
10 49959651686
10 49959651690
10 49959651697
10 49959651703
10 49959651707
10 49959651712
10 49959651717
10 49959651721
10 49959651725
10 49959651729
10 49959651733
10 49959651738
10 49959651744
10 49959651748
10 49959651752
10 49959651759
10 49959651764
10 49959651768
10 49959651773
