46
46
46
46
46
46
45
45
35
54
45
45
46
46
47
47
46
45
44
46
46
44
46
46
45
48
45
46
45
46
46
46
44
46
48
46
45
46
47
46
45
47
46
45
45
45
46
46
46
45
46
46
45
46
45
45
46
46
46
44
44
47
45
46
39
33
60
46
46
46
45
46
45
45
46
46
48
45
46
45
46
45
45
46
45
45
45
47
45
45
47
45
46
45
46
45
46
46
46
45
46
46
46
47
45
46
45
45
39
50
45
46
45
45
47
45
45
47
45
45
46
45
45
45
46
46
46
42
47
45
45
46
45
47
46
45
46
46
46
45
45
46
45
45
46
46
45
46
45
46
46
46
46
46
45
47
46
47
45
45
46
46
47
45
45
46
45
46
46
46
46
46
45
46
45
47
47
45
45
45
45
44
45
32
56
36
51
45
32
56
36
52
45
35
54
45
45
45
35
53
45
46
45
45
45
32
50
50
44
45
45
44
45
45
45
44
45
45
44
45
35
49
47
44
45
45
45
45
44
45
45
45
45
44
45
44
45
45
45
46
44
45
40
48
45
45
47
45
46
44
45
44
46
45
46
45
47
46
46
46
33
58
44
45
43
45
47
47
44
45
45
45
46
46
41
49
47
45
44
46
46
44
45
45
43
45
45
44
33
56
45
45
45
45
44
45
45
45
45
44
35
53
45
44
45
45
45
45
45
46
31
57
45
45
45
45
45
45
35
53
45
40
48
45
45
45
44
45
45
47
35
53
46
44
46
44
45
45
45
45
44
45
45
44
45
43
45
45
45
45
44
34
54
45
45
45
37
51
45
44
34
55
44
34
54
45
45
45
46
32
56
45
39
50
44
45
32
57
37
51
44
46
45
45
45
33
50
49
35
54
45
44
35
45
35
49
54
45
45
45
45
45
44
41
48
45
44
45
44
46
45
45
45
45
38
50
35
53
46
45
45
45
47
45
46
46
45
46
46
45
46
46
46
45
45
46
46
45
47
45
45
45
46
45
45
47
45
46
45
39
50
46
37
53
39
49
45
47
45
45
47
46
46
45
46
45
46
45
46
46
46
45
45
46
45
45
45
45
47
46
45
45
46
45
46
45
46
45
47
46
45
46
47
46
46
45
46
45
46
45
47
45
45
46
46
46
46
46
45
45
46
45
46
45
46
46
45
46
45
45
45
46
45
46
45
46
45
47
40
50
46
45
46
48
44
45
46
47
47
46
45
39
50
45
47
32
56
46
43
46
46
45
46
45
46
47
44
46
46
46
44
45
46
47
45
46
45
45
46
47
47
45
46
47
45
46
45
45
45
46
45
46
46
45
45
46
45
46
46
45
46
45
45
45
46
46
45
46
45
46
45
46
45
46
46
45
45
46
46
46
46
46
46
46
45
44
46
47
45
48
46
46
43
45
40
36
57
45
46
46
45
46
45
46
45
45
46
45
46
47
45
46
45
46
45
47
46
48
45
47
45
46
46
46
46
46
46
45
45
45
46
47
46
46
45
45
46
46
45
44
47
40
49
45
48
45
45
45
45
46
45
46
48
47
45
46
45
46
45
45
45
46
46
46
45
47
46
45
46
45
45
47
45
46
46
45
46
46
45
46
45
45
46
46
46
45
46
46
45
46
47
46
46
46
45
48
45
45
45
46
46
46
47
45
46
45
45
44
45
45
45
46
35
57
45
46
46
46
46
45
46
45
46
45
47
45
43
46
45
46
47
45
45
47
45
45
46
47
46
47
47
45
45
45
35
54
45
46
45
44
45
45
46
45
46
43
45
46
46
45
46
44
40
49
45
44
46
43
34
54
46
45
45
39
50
45
46
45
47
46
40
48
40
49
45
45
46
45
45
46
46
45
46
46
46
46
45
45
45
46
46
40
32
61
46
46
45
46
47
46
39
51
46
45
45
46
46
46
46
37
53
45
46
45
46
46
47
46
45
46
46
46
45
46
46
46
47
46
45
45
46
46
46
45
45
45
45
46
45
45
47
46
45
46
46
45
46
46
45
46
47
45
45
46
46
46
46
45
45
45
46
45
46
44
45
45
45
45
46
46
46
45
46
46
47
47
46
45
45
45
42
48
44
46
45
46
45
46
45
47
45
45
45
45
46
45
45
46
47
44
45
46
46
45
46
45
46
45
46
46
45
46
46
45
46
46
46
45
34
54
45
45
46
46
46
45
46
45
47
45
45
46
46
45
45
46
45
45
45
47
47
45
46
45
45
47
45
45
45
46
46
45
46
47
46
45
45
45
46
45
