47
47
47
46
45
44
46
46
45
45
46
46
46
47
46
39
50
45
46
45
45
46
45
46
46
45
45
46
45
46
46
46
46
47
44
45
46
46
47
46
47
46
43
47
45
47
47
41
48
46
46
46
46
46
45
46
46
46
45
46
46
47
45
45
37
52
46
45
41
46
45
46
45
46
46
45
45
45
45
46
44
47
46
44
45
41
47
45
38
52
45
45
45
44
37
51
45
35
53
45
45
45
45
45
44
42
45
46
45
45
44
30
59
45
44
45
45
45
44
45
45
45
45
45
45
43
46
45
44
46
40
49
46
45
45
45
44
45
28
60
45
43
46
45
45
46
41
48
45
44
45
46
44
43
43
46
38
50
46
45
42
46
45
45
45
45
47
45
45
46
46
45
45
46
46
38
36
60
46
41
34
57
46
36
53
44
45
45
45
45
45
45
44
45
37
51
45
44
45
45
44
45
45
45
45
45
44
41
39
52
44
45
46
36
52
45
45
45
45
45
45
45
44
45
44
45
34
54
36
53
44
45
46
45
46
45
46
44
45
44
45
45
45
37
52
46
44
45
44
34
55
45
44
46
46
44
35
54
44
45
44
45
45
44
35
53
45
45
41
47
45
45
44
45
45
45
35
52
45
45
45
45
45
45
45
33
54
45
35
53
46
45
35
36
62
45
36
53
44
45
45
45
35
54
45
34
54
45
43
45
44
45
45
45
45
36
52
45
46
41
36
55
45
45
45
45
45
45
47
46
44
45
40
48
45
45
46
46
45
45
45
31
59
45
44
43
47
44
46
29
59
46
45
47
45
45
45
40
37
55
43
35
53
46
45
45
47
45
47
46
47
47
45
46
47
46
45
41
48
45
45
45
42
48
45
45
39
51
41
48
39
48
37
51
45
45
45
46
45
45
46
46
45
47
46
40
51
40
50
38
51
45
46
45
45
46
46
45
40
51
46
47
45
46
44
45
46
45
46
45
44
41
33
59
45
45
46
45
45
45
45
46
45
45
45
45
45
41
35
56
45
46
45
44
43
46
46
45
46
46
46
45
45
45
43
46
46
46
29
60
47
46
45
45
45
41
49
46
44
46
45
44
45
45
46
45
45
46
40
38
53
45
45
45
46
44
46
40
49
45
46
45
45
46
44
46
45
45
46
47
46
47
45
45
46
45
46
45
45
47
28
55
49
45
46
46
45
46
46
45
46
45
42
48
44
46
45
45
46
45
46
41
47
45
45
45
45
45
41
50
39
49
46
45
45
45
45
46
46
45
41
48
45
45
45
46
45
45
45
45
45
45
45
46
45
46
45
46
41
48
45
45
45
46
47
41
33
59
45
46
47
45
46
45
45
46
46
46
46
46
45
42
36
54
38
50
41
48
45
45
44
45
46
46
48
38
51
44
45
46
45
40
34
58
47
45
40
48
40
50
37
52
46
45
45
45
45
45
46
45
45
45
41
49
46
45
39
51
46
40
48
46
45
40
49
45
41
33
58
36
52
45
45
45
45
46
45
45
45
42
46
46
45
45
45
45
45
45
45
45
46
46
46
36
36
60
44
45
44
45
45
46
45
45
45
44
45
44
45
34
55
44
45
39
49
35
54
33
55
44
46
44
45
46
43
46
46
40
34
53
49
45
45
45
41
47
46
45
29
60
39
50
44
46
47
45
45
45
45
45
46
45
45
46
45
46
45
45
47
45
46
41
50
46
39
49
45
46
45
45
42
47
45
45
45
45
40
34
59
45
46
40
50
45
45
45
45
40
50
45
45
45
45
46
45
46
45
42
47
45
45
45
46
45
46
46
45
46
46
46
40
35
56
46
38
35
59
46
42
45
45
45
39
49
45
46
47
45
35
53
40
50
45
45
45
45
45
35
52
45
45
45
44
46
45
45
45
45
45
45
44
45
45
44
45
33
56
31
57
45
33
55
45
44
35
54
44
45
44
45
45
45
35
54
45
44
45
45
44
45
45
35
53
45
45
45
46
44
46
44
45
45
36
53
35
51
45
39
49
45
34
54
44
45
36
53
45
45
44
45
44
45
37
51
45
44
45
45
32
55
44
45
36
52
38
51
45
45
45
45
44
45
45
45
45
35
52
34
54
45
45
33
54
38
50
45
44
37
51
46
45
44
45
45
30
59
45
45
46
46
34
54
45
45
45
44
46
45
37
51
45
44
46
34
54
45
44
45
44
45
45
45
45
44
34
54
45
46
44
45
45
45
35
53
45
33
55
45
45
44
45
45
45
36
52
44
45
45
45
44
