5 49688625644
5 49688625668
5 49688625672
5 49688625678
5 49688625702
5 49688625710
5 49688625727
5 49688625731
5 49688625737
5 49688625751
5 49688625764
5 49688625777
5 49688625783
6 49688626268
6 49688626280
6 49688626288
6 49688626293
6 49688626299
6 49688626308
6 49688626312
6 49688626318
6 49688626323
6 49688626335
6 49688626342
6 49688626346
6 49688626354
6 49688626370
6 49688626377
6 49688626383
6 49688626387
6 49688626392
6 49688626396
6 49688626402
6 49688626410
6 49688626415
6 49688626424
6 49688626433
6 49688626438
6 49688626442
6 49688626446
7 49688626930
7 49688626936
7 49688626941
7 49688626946
7 49688626950
7 49688626955
7 49688626963
7 49688626970
7 49688626974
7 49688626980
7 49688626985
8 49688627476
8 49688627481
8 49688627493
8 49688627501
8 49688627505
8 49688627509
8 49688627513
8 49688627519
8 49688627523
8 49688627530
8 49688627534
8 49688627543
8 49688627547
8 49688627551
8 49688627557
8 49688627562
8 49688627566
8 49688627576
8 49688627584
8 49688627589
8 49688627594
8 49688627598
8 49688627602
8 49688627606
8 49688627612
8 49688627617
8 49688627622
8 49688627626
8 49688627630
8 49688627634
8 49688627641
8 49688627645
8 49688627649
9 49688628146
9 49688628151
9 49688628162
9 49688628166
9 49688628177
9 49688628181
9 49688628185
9 49688628200
9 49688628205
9 49688628209
9 49688628217
9 49688628221
9 49688628225
9 49688628229
9 49688628234
9 49688628239
9 49688628243
9 49688628250
9 49688628254
9 49688628258
9 49688628262
9 49688628268
9 49688628275
9 49688628281
9 49688628290
9 49688628294
9 49688628298
9 49688628302
9 49688628306
9 49688628311
9 49688628318
10 49688628813
10 49688628818
10 49688628822
10 49688628826
10 49688628830
10 49688628842
10 49688628848
10 49688628853
10 49688628858
10 49688628862
10 49688628866
10 49688628875
10 49688628888
10 49688628892
10 49688628896
10 49688628900
10 49688628907
10 49688628912
10 49688628917
10 49688628922
10 49688628926
10 49688628932
10 49688628936
10 49688628941
10 49688628946
10 49688628951
10 49688628955
10 49688628959
10 49688628963
10 49688628968
