5 49688566382
5 49688566399
5 49688566408
5 49688566415
5 49688566419
5 49688566423
5 49688566429
5 49688566446
5 49688566458
5 49688566469
5 49688566477
5 49688566484
5 49688566503
6 49688567033
6 49688567037
6 49688567041
6 49688567049
6 49688567053
6 49688567058
6 49688567065
6 49688567071
6 49688567075
6 49688567080
6 49688567084
6 49688567098
6 49688567104
6 49688567108
6 49688567115
6 49688567119
6 49688567124
6 49688567129
6 49688567135
6 49688567146
6 49688567156
6 49688567162
6 49688567173
6 49688567178
6 49688567183
6 49688567187
6 49688567191
7 49688567678
7 49688567685
7 49688567689
7 49688567694
7 49688567699
7 49688567703
7 49688567709
7 49688567716
7 49688567720
7 49688567727
7 49688567731
7 49688567735
7 49688567739
7 49688567744
7 49688567750
7 49688567754
7 49688567762
7 49688567766
7 49688567770
7 49688567777
7 49688567789
7 49688567795
7 49688567815
7 49688567819
7 49688567824
7 49688567831
7 49688567840
7 49688567845
7 49688567849
7 49688567853
8 49688568349
8 49688568353
8 49688568362
8 49688568366
8 49688568374
8 49688568384
8 49688568388
8 49688568394
8 49688568400
8 49688568404
8 49688568413
8 49688568418
8 49688568422
8 49688568426
8 49688568430
8 49688568434
8 49688568438
8 49688568445
8 49688568449
8 49688568458
8 49688568462
8 49688568466
8 49688568470
8 49688568475
8 49688568482
8 49688568486
8 49688568495
8 49688568499
8 49688568503
8 49688568511
8 49688568516
9 49688568995
9 49688569000
9 49688569005
9 49688569015
9 49688569023
9 49688569027
9 49688569032
9 49688569041
9 49688569047
9 49688569052
9 49688569056
9 49688569061
9 49688569066
9 49688569070
9 49688569075
9 49688569081
9 49688569085
9 49688569089
9 49688569095
9 49688569100
9 49688569105
9 49688569109
9 49688569115
9 49688569121
9 49688569128
9 49688569133
9 49688569141
9 49688569151
9 49688569155
9 49688569159
9 49688569163
9 49688569168
9 49688569172
10 49688569656
10 49688569665
10 49688569672
10 49688569680
10 49688569685
10 49688569694
10 49688569698
10 49688569704
10 49688569708
10 49688569712
10 49688569719
10 49688569724
10 49688569730
10 49688569734
10 49688569748
10 49688569755
10 49688569759
10 49688569766
10 49688569770
10 49688569774
10 49688569789
10 49688569793
10 49688569799
10 49688569803
10 49688569807
10 49688569811
10 49688569815
10 49688569821
10 49688569827
