5 49688612181
5 49688612215
5 49688612232
5 49688612238
5 49688612248
5 49688612252
5 49688612278
5 49688612289
5 49688612326
6 49688612817
6 49688612822
6 49688612838
6 49688612850
6 49688612854
6 49688612858
6 49688612866
6 49688612877
6 49688612883
6 49688612891
6 49688612899
6 49688612906
6 49688612910
6 49688612915
6 49688612920
6 49688612926
6 49688612930
6 49688612935
6 49688612946
6 49688612951
6 49688612955
6 49688612959
6 49688612966
6 49688612970
6 49688612974
6 49688612980
6 49688612987
6 49688612994
7 49688613478
7 49688613482
7 49688613487
7 49688613493
7 49688613498
7 49688613502
7 49688613507
7 49688613512
7 49688613517
7 49688613522
7 49688613527
7 49688613531
7 49688613535
7 49688613539
7 49688613543
7 49688613547
7 49688613553
7 49688613557
7 49688613561
7 49688613566
7 49688613572
7 49688613576
7 49688613581
7 49688613585
7 49688613593
7 49688613597
7 49688613602
7 49688613608
7 49688613612
7 49688613616
7 49688613623
7 49688613627
7 49688613634
7 49688613638
7 49688613647
7 49688613651
8 49688614129
8 49688614136
8 49688614143
8 49688614149
8 49688614156
8 49688614161
8 49688614165
8 49688614176
8 49688614180
8 49688614191
8 49688614195
8 49688614208
8 49688614213
8 49688614220
9 49688614712
9 49688614717
9 49688614726
9 49688614734
9 49688614740
9 49688614746
9 49688614751
9 49688614756
9 49688614760
9 49688614765
9 49688614773
9 49688614777
9 49688614787
9 49688614793
9 49688614797
9 49688614804
9 49688614809
9 49688614813
9 49688614817
9 49688614826
9 49688614830
9 49688614835
9 49688614841
9 49688614846
9 49688614851
9 49688614856
9 49688614863
9 49688614869
9 49688614874
9 49688614878
9 49688614882
10 49688615358
10 49688615362
10 49688615370
10 49688615378
10 49688615387
10 49688615392
10 49688615398
10 49688615404
10 49688615412
10 49688615415
10 49688615419
10 49688615435
10 49688615442
10 49688615446
10 49688615453
10 49688615457
10 49688615461
10 49688615466
10 49688615471
10 49688615479
10 49688615483
10 49688615488
10 49688615493
10 49688615498
10 49688615502
10 49688615506
10 49688615514
10 49688615519
10 49688615524
10 49688615528
10 49688615533
