27.0
29.0
26.0
36.0
30.0
26.0
30.0
31.0
30.0
26.0
28.0
27.0
30.0
26.0
25.0
26.0
30.0
36.0
31.0
29.0
31.0
26.0
29.0
27.0
31.0
29.0
31.0
30.0
31.0
40.0
26.0
29.0
26.0
25.0
30.0
27.0
30.0
30.0
30.0
30.0
26.0
30.0
26.0
31.0
30.0
30.0
32.0
30.0
30.0
31.0
30.0
31.0
30.0
30.0
31.0
30.0
31.0
31.0
30.0
31.0
30.0
30.0
29.0
31.0
25.0
31.0
31.0
29.0
27.0
29.0
27.0
29.0
26.0
24.0
24.0
28.0
30.0
25.0
31.0
25.0
26.0
25.0
26.0
29.0
32.0
30.0
31.0
31.0
29.0
31.0
31.0
41.0
29.0
29.0
26.0
31.0
31.0
29.0
26.0
25.0
