7 49954414499
7 49954414523
7 49954414535
7 49954414545
7 49954414552
7 49954414560
7 49954414592
7 49954414604
7 49954414634
7 49954414646
7 49954414654
8 49954415134
8 49954415138
8 49954415147
8 49954415153
8 49954415161
8 49954415166
8 49954415173
8 49954415177
8 49954415187
8 49954415191
8 49954415197
8 49954415202
8 49954415206
9 49954415696
9 49954415702
9 49954415706
9 49954415711
9 49954415717
9 49954415721
9 49954415735
9 49954415740
9 49954415745
9 49954415750
9 49954415754
9 49954415760
9 49954415765
9 49954415769
9 49954415773
9 49954415778
9 49954415784
9 49954415788
9 49954415795
9 49954415801
9 49954415805
9 49954415809
9 49954415814
9 49954415818
9 49954415822
9 49954415830
9 49954415836
9 49954415841
9 49954415845
9 49954415849
9 49954415853
9 49954415859
9 49954415863
9 49954415867
10 49954416354
10 49954416359
10 49954416368
10 49954416372
10 49954416381
10 49954416385
10 49954416389
10 49954416394
10 49954416398
10 49954416402
10 49954416407
10 49954416424
10 49954416428
10 49954416432
10 49954416437
10 49954416442
10 49954416448
10 49954416452
10 49954416456
10 49954416460
10 49954416467
10 49954416474
10 49954416478
10 49954416482
10 49954416486
10 49954416492
10 49954416497
10 49954416501
10 49954416505
10 49954416509
10 49954416516
10 49954416520
