7 49954485074
7 49954485113
7 49954485122
7 49954485127
7 49954485144
7 49954485154
7 49954485179
7 49954485187
7 49954485200
7 49954485216
7 49954485235
8 49954485708
8 49954485713
8 49954485717
8 49954485729
8 49954485736
8 49954485745
8 49954485752
8 49954485757
8 49954485761
8 49954485772
8 49954485793
8 49954485804
8 49954485810
8 49954485815
8 49954485821
8 49954485825
8 49954485832
8 49954485837
8 49954485842
8 49954485847
8 49954485852
8 49954485856
8 49954485861
8 49954485865
8 49954485876
8 49954485883
9 49954486376
9 49954486380
9 49954486385
9 49954486389
9 49954486394
9 49954486410
9 49954486414
9 49954486420
9 49954486424
9 49954486428
9 49954486434
9 49954486438
9 49954486442
9 49954486446
9 49954486450
9 49954486455
9 49954486459
9 49954486467
9 49954486472
9 49954486475
9 49954486483
9 49954486487
9 49954486491
9 49954486495
9 49954486500
9 49954486508
9 49954486512
9 49954486519
9 49954486523
9 49954486529
9 49954486533
9 49954486538
10 49954487018
10 49954487030
10 49954487035
10 49954487045
10 49954487049
10 49954487061
10 49954487068
10 49954487072
10 49954487077
10 49954487081
10 49954487085
10 49954487091
10 49954487095
10 49954487107
10 49954487114
10 49954487118
10 49954487124
10 49954487128
10 49954487133
10 49954487140
10 49954487145
10 49954487149
10 49954487153
10 49954487159
10 49954487163
10 49954487167
10 49954487172
10 49954487176
10 49954487182
10 49954487186
10 49954487190
