6 49954275047
6 49954275090
6 49954275124
7 49954275672
7 49954275696
7 49954275720
7 49954275731
7 49954275752
7 49954275758
7 49954275766
7 49954275778
7 49954275787
7 49954275796
7 49954275807
7 49954275818
8 49954276306
8 49954276310
8 49954276316
8 49954276323
8 49954276331
8 49954276341
8 49954276349
8 49954276353
8 49954276368
8 49954276372
8 49954276378
9 49954276868
9 49954276877
9 49954276885
9 49954276891
9 49954276895
9 49954276900
9 49954276904
9 49954276910
9 49954276915
9 49954276920
9 49954276926
9 49954276932
9 49954276936
9 49954276941
9 49954276945
9 49954276949
9 49954276953
9 49954276960
9 49954276964
9 49954276968
9 49954276973
9 49954276977
9 49954276981
9 49954276987
9 49954276992
9 49954276996
9 49954277003
9 49954277008
9 49954277013
9 49954277017
9 49954277021
9 49954277025
9 49954277029
9 49954277033
10 49954277510
10 49954277516
10 49954277532
10 49954277536
10 49954277541
10 49954277545
10 49954277550
10 49954277554
10 49954277558
10 49954277562
10 49954277566
10 49954277570
10 49954277575
10 49954277579
10 49954277594
10 49954277598
10 49954277602
10 49954277606
10 49954277610
10 49954277617
10 49954277625
10 49954277633
10 49954277637
10 49954277642
10 49954277646
10 49954277650
10 49954277654
10 49954277658
10 49954277663
10 49954277667
10 49954277671
10 49954277675
10 49954277680
