7 49954307991
7 49954308001
7 49954308029
7 49954308038
7 49954308048
7 49954308064
7 49954308085
7 49954308104
7 49954308113
7 49954308117
7 49954308128
7 49954308132
8 49954308665
8 49954308669
8 49954308673
8 49954308688
8 49954308692
8 49954308697
8 49954308705
9 49954309200
9 49954309209
9 49954309214
9 49954309218
9 49954309225
9 49954309230
9 49954309236
9 49954309240
9 49954309244
9 49954309254
9 49954309258
9 49954309263
9 49954309267
9 49954309271
9 49954309276
9 49954309281
9 49954309286
9 49954309290
9 49954309298
9 49954309302
9 49954309307
9 49954309312
9 49954309316
9 49954309320
9 49954309324
9 49954309329
9 49954309333
9 49954309338
9 49954309342
9 49954309349
9 49954309356
9 49954309361
9 49954309365
10 49954309858
10 49954309870
10 49954309874
10 49954309878
10 49954309882
10 49954309886
10 49954309890
10 49954309895
10 49954309899
10 49954309903
10 49954309907
10 49954309927
10 49954309931
10 49954309935
10 49954309939
10 49954309945
10 49954309949
10 49954309953
10 49954309958
10 49954309962
10 49954309968
10 49954309972
10 49954309976
10 49954309980
10 49954309984
10 49954309988
10 49954309992
10 49954310001
10 49954310011
10 49954310015
10 49954310020
10 49954310024
10 49954310028
