7 49954155656
7 49954155677
7 49954155689
7 49954155731
7 49954155738
7 49954155742
7 49954155747
7 49954155754
7 49954155760
7 49954155768
7 49954155781
7 49954155786
7 49954155799
7 49954155814
8 49954156298
8 49954156305
8 49954156309
8 49954156314
8 49954156318
8 49954156322
8 49954156329
8 49954156333
8 49954156337
8 49954156341
8 49954156350
8 49954156357
8 49954156361
8 49954156378
8 49954156385
8 49954156389
8 49954156394
8 49954156402
8 49954156407
8 49954156413
8 49954156418
8 49954156422
8 49954156427
8 49954156431
8 49954156435
8 49954156439
8 49954156444
8 49954156449
8 49954156453
8 49954156463
10 49954157661
10 49954157666
10 49954157670
10 49954157674
10 49954157678
10 49954157685
10 49954157689
10 49954157693
10 49954157699
10 49954157707
10 49954157711
10 49954157716
10 49954157728
10 49954157734
10 49954157738
10 49954157743
10 49954157747
10 49954157751
10 49954157762
10 49954157767
10 49954157771
10 49954157777
10 49954157785
10 49954157794
10 49954157799
10 49954157805
10 49954157813
10 49954157817
10 49954157821
10 49954157826
