7 49954241766
7 49954241782
7 49954241804
7 49954241812
7 49954241858
7 49954241864
7 49954241874
7 49954241886
7 49954241898
7 49954241915
7 49954241919
7 49954241924
8 49954242423
8 49954242427
8 49954242432
8 49954242438
8 49954242445
8 49954242452
8 49954242456
8 49954242461
8 49954242467
8 49954242488
8 49954242493
8 49954242497
8 49954242501
8 49954242510
8 49954242514
8 49954242519
8 49954242526
8 49954242533
8 49954242537
8 49954242541
8 49954242554
8 49954242559
8 49954242564
8 49954242574
8 49954242579
8 49954242584
9 49954243072
9 49954243080
9 49954243088
9 49954243095
9 49954243101
9 49954243108
9 49954243113
9 49954243117
9 49954243122
9 49954243126
9 49954243131
9 49954243137
9 49954243141
9 49954243147
9 49954243153
9 49954243164
9 49954243168
9 49954243176
9 49954243180
9 49954243185
9 49954243191
9 49954243195
9 49954243201
9 49954243212
9 49954243217
9 49954243221
9 49954243225
9 49954243231
9 49954243236
9 49954243241
10 49954243731
10 49954243735
10 49954243743
10 49954243750
10 49954243761
10 49954243766
10 49954243770
10 49954243776
10 49954243780
10 49954243784
10 49954243791
10 49954243799
10 49954243805
10 49954243809
10 49954243815
10 49954243819
10 49954243823
10 49954243827
10 49954243832
10 49954243836
10 49954243842
10 49954243847
10 49954243851
10 49954243856
10 49954243860
10 49954243864
10 49954243871
10 49954243875
10 49954243880
10 49954243887
10 49954243891
10 49954243896
10 49954243900
