7 49954178628
7 49954178639
7 49954178651
7 49954178701
7 49954178718
7 49954178732
7 49954178743
7 49954178750
7 49954178776
7 49954178800
8 49954179282
8 49954179288
8 49954179293
8 49954179297
8 49954179301
8 49954179305
8 49954179311
8 49954179315
8 49954179321
8 49954179328
8 49954179332
8 49954179336
8 49954179343
9 49954179825
9 49954179837
9 49954179841
9 49954179845
9 49954179851
9 49954179855
9 49954179859
9 49954179864
9 49954179868
9 49954179872
9 49954179879
9 49954179883
9 49954179887
9 49954179894
9 49954179899
9 49954179903
9 49954179907
9 49954179911
9 49954179916
9 49954179925
9 49954179930
9 49954179934
9 49954179942
9 49954179946
9 49954179950
9 49954179955
9 49954179960
9 49954179965
9 49954179969
9 49954179973
9 49954179977
9 49954179981
9 49954179987
9 49954179992
9 49954179996
10 49954180491
10 49954180499
10 49954180504
10 49954180513
10 49954180517
10 49954180523
10 49954180527
10 49954180535
10 49954180542
10 49954180547
10 49954180561
10 49954180565
10 49954180569
10 49954180573
10 49954180577
10 49954180582
10 49954180586
10 49954180590
10 49954180595
10 49954180599
10 49954180611
10 49954180617
10 49954180622
10 49954180626
10 49954180636
10 49954180641
10 49954180645
10 49954180649
10 49954180653
10 49954180660
