7 49959597710
7 49959597737
7 49959597746
7 49959597755
7 49959597766
7 49959597780
7 49959597792
7 49959597803
7 49959597813
7 49959597826
7 49959597831
7 49959597837
7 49959597848
7 49959597854
7 49959597858
7 49959597864
7 49959597871
7 49959597877
8 49959598370
8 49959598379
8 49959598388
8 49959598394
8 49959598399
8 49959598403
8 49959598407
8 49959598423
8 49959598427
8 49959598432
8 49959598436
8 49959598440
8 49959598458
8 49959598467
8 49959598471
8 49959598475
8 49959598481
8 49959598485
8 49959598495
8 49959598499
8 49959598504
8 49959598511
8 49959598515
8 49959598521
8 49959598532
8 49959598542
9 49959599035
9 49959599039
9 49959599043
9 49959599051
9 49959599056
9 49959599066
9 49959599070
9 49959599076
9 49959599080
9 49959599084
9 49959599088
9 49959599093
9 49959599097
9 49959599104
9 49959599110
9 49959599118
9 49959599123
9 49959599127
9 49959599131
9 49959599136
9 49959599141
9 49959599145
9 49959599154
9 49959599165
9 49959599172
9 49959599177
9 49959599181
9 49959599185
9 49959599189
9 49959599194
9 49959599198
10 49959599685
10 49959599689
10 49959599695
10 49959599699
10 49959599703
10 49959599708
10 49959599712
10 49959599721
10 49959599728
10 49959599732
10 49959599736
10 49959599740
10 49959599744
10 49959599749
10 49959599754
10 49959599759
10 49959599763
10 49959599767
10 49959599772
10 49959599778
10 49959599783
10 49959599787
10 49959599791
10 49959599796
10 49959599800
10 49959599805
10 49959599810
10 49959599814
10 49959599819
10 49959599825
10 49959599835
10 49959599839
10 49959599846
10 49959599851
10 49959599855
