6 49959683079
6 49959683101
7 49959683737
7 49959683742
7 49959683749
7 49959683754
7 49959683763
7 49959683773
7 49959683783
7 49959683807
7 49959683812
7 49959683833
7 49959683840
7 49959683845
7 49959683851
7 49959683855
7 49959683875
7 49959683881
8 49959684384
8 49959684391
8 49959684396
8 49959684401
8 49959684405
8 49959684409
8 49959684416
8 49959684423
8 49959684427
8 49959684431
8 49959684436
8 49959684440
8 49959684444
8 49959684451
8 49959684464
8 49959684469
8 49959684474
8 49959684495
8 49959684499
8 49959684504
8 49959684508
8 49959684514
8 49959684519
8 49959684523
8 49959684528
8 49959684534
8 49959684543
8 49959684547
8 49959684551
9 49959685040
9 49959685044
9 49959685051
9 49959685056
9 49959685061
9 49959685066
9 49959685072
9 49959685081
9 49959685085
9 49959685090
9 49959685094
9 49959685098
9 49959685104
9 49959685110
9 49959685114
9 49959685118
9 49959685125
9 49959685129
9 49959685140
9 49959685146
9 49959685151
9 49959685156
9 49959685160
9 49959685168
9 49959685173
9 49959685179
9 49959685183
9 49959685188
9 49959685199
9 49959685203
10 49959685701
10 49959685705
10 49959685709
10 49959685716
10 49959685723
10 49959685731
10 49959685735
10 49959685739
10 49959685743
10 49959685747
10 49959685753
10 49959685757
10 49959685762
10 49959685767
10 49959685772
10 49959685776
10 49959685784
10 49959685788
10 49959685792
10 49959685800
10 49959685804
10 49959685809
10 49959685813
10 49959685817
10 49959685821
10 49959685825
10 49959685829
10 49959685835
10 49959685839
10 49959685844
10 49959685848
10 49959685852
10 49959685860
10 49959685864
10 49959685872
