6 49959565807
6 49959565829
6 49959565835
6 49959565848
6 49959565889
6 49959565905
7 49959566456
7 49959566461
7 49959566467
7 49959566472
7 49959566478
7 49959566493
7 49959566511
7 49959566524
7 49959566551
7 49959566559
7 49959566563
7 49959566585
7 49959566599
7 49959566614
7 49959566619
8 49959567125
8 49959567139
8 49959567144
8 49959567148
8 49959567154
8 49959567158
8 49959567176
8 49959567180
8 49959567187
8 49959567192
8 49959567197
8 49959567202
8 49959567207
8 49959567213
8 49959567219
8 49959567227
8 49959567232
8 49959567236
8 49959567241
8 49959567248
8 49959567255
8 49959567259
8 49959567263
8 49959567270
8 49959567275
8 49959567279
8 49959567285
8 49959567291
9 49959567787
9 49959567793
9 49959567798
9 49959567809
9 49959567813
9 49959567824
9 49959567828
9 49959567832
9 49959567836
9 49959567844
9 49959567849
9 49959567857
9 49959567862
9 49959567866
9 49959567870
9 49959567874
9 49959567878
9 49959567887
9 49959567891
9 49959567896
9 49959567900
9 49959567904
9 49959567910
9 49959567914
9 49959567919
9 49959567926
9 49959567930
9 49959567934
9 49959567939
9 49959567943
9 49959567947
9 49959567952
10 49959568448
10 49959568453
10 49959568459
10 49959568465
10 49959568476
10 49959568481
10 49959568491
10 49959568497
10 49959568501
10 49959568505
10 49959568509
10 49959568513
10 49959568517
10 49959568522
10 49959568526
10 49959568530
10 49959568534
10 49959568538
10 49959568542
10 49959568546
10 49959568554
10 49959568558
10 49959568563
10 49959568567
10 49959568574
10 49959568578
10 49959568582
10 49959568586
10 49959568591
10 49959568597
10 49959568605
10 49959568609
