6 49959660054
6 49959660135
7 49959660698
7 49959660707
7 49959660715
7 49959660731
7 49959660739
7 49959660751
7 49959660759
7 49959660770
7 49959660789
7 49959660793
7 49959660806
7 49959660817
7 49959660821
7 49959660827
7 49959660841
7 49959660853
8 49959661357
8 49959661369
8 49959661377
8 49959661384
8 49959661391
9 49959661895
9 49959661901
9 49959661908
9 49959661912
9 49959661916
9 49959661922
9 49959661927
9 49959661932
9 49959661937
9 49959661941
9 49959661948
9 49959661952
9 49959661956
9 49959661961
9 49959661965
9 49959661969
9 49959661973
9 49959661977
9 49959661982
9 49959661986
9 49959661990
9 49959661994
9 49959661998
9 49959662002
9 49959662006
9 49959662011
9 49959662015
9 49959662023
9 49959662028
9 49959662032
9 49959662036
9 49959662043
9 49959662048
9 49959662053
9 49959662057
10 49959662554
10 49959662561
10 49959662568
10 49959662573
10 49959662577
10 49959662581
10 49959662587
10 49959662593
10 49959662609
10 49959662613
10 49959662617
10 49959662621
10 49959662626
10 49959662630
10 49959662634
10 49959662640
10 49959662644
10 49959662648
10 49959662652
10 49959662660
10 49959662665
10 49959662671
10 49959662675
10 49959662681
10 49959662686
10 49959662692
10 49959662697
10 49959662701
10 49959662707
10 49959662713
10 49959662719
