7 49688315338
7 49688315347
7 49688315362
8 49688315858
8 49688315863
8 49688315868
8 49688315872
8 49688315877
8 49688315881
8 49688315886
8 49688315898
8 49688315903
8 49688315907
8 49688315911
8 49688315915
8 49688315921
8 49688315925
8 49688315931
8 49688315936
8 49688315941
8 49688315946
8 49688315956
8 49688315961
8 49688315965
8 49688315969
8 49688315974
8 49688315980
8 49688315985
8 49688315993
8 49688315998
8 49688316002
8 49688316007
8 49688316011
8 49688316020
8 49688316026
9 49688316520
9 49688316524
9 49688316529
9 49688316533
9 49688316540
9 49688316545
9 49688316555
9 49688316561
9 49688316567
9 49688316572
9 49688316577
9 49688316581
9 49688316587
9 49688316592
9 49688316596
10 49688317093
10 49688317101
10 49688317106
10 49688317111
10 49688317117
10 49688317121
10 49688317125
10 49688317130
10 49688317135
10 49688317139
10 49688317144
10 49688317147
10 49688317152
10 49688317156
10 49688317160
10 49688317165
10 49688317174
10 49688317179
10 49688317184
10 49688317188
10 49688317193
10 49688317199
10 49688317205
10 49688317210
10 49688317216
10 49688317220
10 49688317226
10 49688317230
10 49688317234
10 49688317238
10 49688317249
10 49688317253
10 49688317258
10 49688317262
