6 49688171544
7 49688172092
7 49688172105
7 49688172113
7 49688172120
7 49688172124
7 49688172131
7 49688172155
7 49688172160
7 49688172187
7 49688172199
7 49688172223
7 49688172233
7 49688172237
7 49688172258
8 49688172742
8 49688172746
8 49688172750
8 49688172756
8 49688172761
8 49688172766
8 49688172770
8 49688172776
8 49688172781
8 49688172789
8 49688172795
8 49688172800
9 49688173293
9 49688173297
9 49688173301
9 49688173317
9 49688173321
9 49688173325
9 49688173330
9 49688173335
9 49688173339
9 49688173343
9 49688173348
9 49688173354
9 49688173359
9 49688173366
9 49688173373
9 49688173378
9 49688173383
9 49688173387
9 49688173392
9 49688173396
9 49688173400
9 49688173404
9 49688173409
9 49688173414
9 49688173418
9 49688173423
9 49688173427
9 49688173431
9 49688173436
9 49688173440
9 49688173444
9 49688173449
9 49688173455
9 49688173464
10 49688173961
10 49688173969
10 49688173973
10 49688173979
10 49688173984
10 49688173988
10 49688173999
10 49688174014
10 49688174020
10 49688174025
10 49688174039
10 49688174043
10 49688174047
10 49688174051
10 49688174058
10 49688174062
10 49688174066
10 49688174071
10 49688174075
10 49688174079
10 49688174085
10 49688174090
10 49688174094
10 49688174100
10 49688174104
10 49688174112
10 49688174119
10 49688174123
10 49688174127
