5 49688641650
5 49688641655
5 49688641663
5 49688641673
5 49688641677
5 49688641696
5 49688641707
5 49688641716
5 49688641724
5 49688641749
5 49688641762
5 49688641767
5 49688641778
5 49688641793
5 49688641799
5 49688641824
6 49688642303
6 49688642309
6 49688642325
6 49688642333
6 49688642340
6 49688642350
6 49688642354
6 49688642367
6 49688642372
6 49688642381
6 49688642385
6 49688642390
6 49688642395
6 49688642400
6 49688642404
6 49688642409
6 49688642419
6 49688642426
6 49688642430
6 49688642434
6 49688642438
6 49688642443
6 49688642447
6 49688642454
6 49688642462
6 49688642467
6 49688642476
6 49688642481
7 49688642970
7 49688642974
7 49688642981
7 49688642986
7 49688642992
7 49688643001
7 49688643007
7 49688643011
7 49688643015
7 49688643020
7 49688643025
7 49688643029
8 49688643526
8 49688643531
8 49688643536
8 49688643540
8 49688643544
8 49688643552
8 49688643556
8 49688643568
8 49688643573
8 49688643579
8 49688643585
8 49688643590
8 49688643594
8 49688643602
8 49688643607
8 49688643612
8 49688643618
8 49688643622
8 49688643632
8 49688643636
8 49688643640
8 49688643644
8 49688643652
8 49688643659
8 49688643666
8 49688643671
8 49688643677
8 49688643682
8 49688643688
8 49688643693
8 49688643697
8 49688643701
9 49688644186
9 49688644194
9 49688644202
9 49688644206
9 49688644210
9 49688644217
9 49688644223
9 49688644228
9 49688644233
9 49688644246
9 49688644252
9 49688644258
9 49688644262
9 49688644267
9 49688644272
9 49688644281
9 49688644286
9 49688644290
9 49688644297
9 49688644301
9 49688644305
9 49688644309
9 49688644313
9 49688644317
9 49688644322
9 49688644326
9 49688644330
9 49688644334
9 49688644338
9 49688644345
9 49688644350
9 49688644355
