5 49688585993
5 49688586009
6 49688586564
6 49688586568
6 49688586584
6 49688586588
6 49688586592
6 49688586597
6 49688586601
6 49688586609
6 49688586626
6 49688586638
6 49688586646
6 49688586654
6 49688586658
6 49688586664
6 49688586669
6 49688586674
6 49688586682
6 49688586691
6 49688586700
6 49688586704
6 49688586708
6 49688586712
6 49688586724
7 49688587211
7 49688587216
7 49688587223
7 49688587234
7 49688587240
7 49688587244
7 49688587251
7 49688587264
7 49688587274
7 49688587279
7 49688587285
7 49688587293
7 49688587297
7 49688587301
7 49688587305
7 49688587309
7 49688587313
7 49688587317
7 49688587323
7 49688587328
7 49688587334
7 49688587339
7 49688587344
7 49688587348
7 49688587353
7 49688587358
7 49688587362
7 49688587371
7 49688587377
7 49688587383
9 49688588600
9 49688588604
9 49688588609
9 49688588615
9 49688588619
9 49688588623
9 49688588627
9 49688588631
9 49688588635
9 49688588642
9 49688588650
9 49688588654
9 49688588666
9 49688588671
9 49688588675
9 49688588683
9 49688588691
9 49688588695
9 49688588699
9 49688588704
9 49688588709
9 49688588713
9 49688588719
9 49688588724
9 49688588730
9 49688588734
9 49688588743
9 49688588747
9 49688588751
9 49688588756
9 49688588760
9 49688588765
9 49688588769
10 49688589258
10 49688589262
10 49688589268
10 49688589281
10 49688589290
10 49688589295
10 49688589306
10 49688589311
10 49688589315
10 49688589319
10 49688589323
10 49688589330
10 49688589334
10 49688589342
10 49688589346
10 49688589350
10 49688589356
10 49688589360
10 49688589365
10 49688589370
10 49688589389
10 49688589393
10 49688589397
10 49688589401
10 49688589405
10 49688589409
10 49688589415
10 49688589419
10 49688589423
