44
40
40
35
41
41
40
41
40
41
35
36
31
40
31
31
45
32
40
31
41
31
43
36
35
36
32
40
34
31
35
52
31
39
31
31
32
47
31
47
31
44
21
50
35
36
36
36
41
46
38
32
31
31
49
31
41
31
32
47
31
47
40
32
46
50
31
34
52
35
35
32
31
45
39
31
46
35
36
31
39
31
32
45
31
31
54
31
41
31
40
35
35
37
35
36
46
36
31
31
32
31
47
31
31
34
60
32
40
31
31
45
36
39
36
31
46
31
40
36
31
32
44
31
44
35
31
34
52
35
35
37
34
21
47
31
53
36
36
31
31
32
48
36
31
41
46
36
31
31
32
31
47
31
31
47
31
47
41
36
36
36
31
44
35
36
46
31
41
31
31
44
32
31
47
31
47
39
36
36
31
40
31
40
35
32
48
32
39
31
41
36
36
31
40
31
49
31
32
31
49
35
36
36
35
36
44
36
36
35
31
40
36
36
36
35
47
31
40
36
39
36
32
31
44
36
46
31
47
31
47
47
50
35
31
41
46
46
31
40
39
32
40
36
31
40
35
36
31
46
36
31
31
45
31
31
31
49
38
46
31
31
32
46
32
31
47
31
32
53
31
40
31
32
44
35
36
36
35
31
51
31
31
45
31
40
35
31
32
54
31
31
45
31
31
32
48
32
40
45
36
31
31
45
31
32
47
32
31
47
31
31
52
36
31
40
31
32
31
57
36
36
31
32
44
36
36
38
36
31
47
40
35
36
36
31
31
32
35
47
32
50
31
32
31
31
52
36
31
46
31
32
44
39
31
32
31
49
31
45
36
31
40
36
36
31
43
32
40
31
47
40
32
31
48
31
31
32
46
32
47
31
31
47
38
35
36
39
31
46
35
36
36
36
35
36
32
43
36
45
45
46
47
35
36
45
47
35
31
32
31
57
31
51
31
31
45
36
31
31
45
36
36
38
36
35
36
32
40
36
31
32
31
49
36
31
43
36
31
32
31
49
45
20
52
35
35
36
31
40
31
31
55
31
40
36
31
32
31
49
31
31
53
31
32
44
36
36
36
31
44
31
45
31
41
31
40
36
35
39
36
31
45
36
31
41
36
36
38
36
36
31
31
50
36
35
36
32
31
31
52
20
56
35
32
40
32
31
44
32
31
44
32
47
39
35
31
41
37
37
36
36
45
36
32
43
36
31
31
45
36
31
49
31
31
45
31
40
31
40
36
36
31
34
52
32
31
31
35
47
41
36
46
35
31
41
35
32
43
36
31
31
54
31
31
45
31
40
35
31
31
46
31
60
46
31
66
36
39
35
32
31
47
48
37
39
45
31
41
31
31
45
31
40
39
32
45
36
31
40
36
31
40
31
40
32
48
31
32
31
31
47
42
35
31
41
46
31
31
31
49
35
32
41
38
31
46
31
31
31
47
32
31
31
47
31
47
38
31
40
31
40
39
35
36
36
31
47
39
35
36
37
35
35
31
41
32
33
47
41
39
31
40
31
32
44
46
31
31
45
36
36
31
31
48
31
31
47
31
32
31
47
31
45
35
32
48
35
32
31
45
31
41
31
32
31
47
46
36
35
31
40
31
41
36
31
31
53
35
36
37
35
35
21
51
39
46
35
37
40
31
40
31
31
31
49
46
36
31
31
32
49
35
31
32
31
57
36
31
41
31
31
31
49
36
31
47
48
46
31
40
35
36
47
31
47
46
32
57
35
32
40
32
43
31
31
31
49
32
31
31
49
31
31
44
31
31
32
49
31
40
32
31
44
31
40
32
31
31
49
31
31
48
36
35
36
31
32
31
47
37
35
32
41
31
31
31
49
31
32
47
31
31
45
31
31
45
31
31
48
31
32
44
31
32
31
47
31
42
31
32
44
31
32
31
47
41
35
31
31
45
32
31
44
31
32
43
31
31
32
49
32
31
31
53
34
32
31
31
47
31
31
32
46
41
31
31
31
31
47
42
31
32
31
47
31
31
47
38
45
36
31
41
31
32
31
31
53
32
31
53
31
31
45
31
31
32
49
31
31
37
47
31
45
31
32
44
35
31
50
31
31
32
49
31
40
31
32
44
31
47
53
46
46
46
51
31
47
46
57
46
31
61
36
31
40
31
31
31
47
32
42
31
43
45
32
31
45
31
32
44
31
32
47
32
50
31
31
32
49
35
36
32
40
46
31
31
48
31
40
31
31
32
31
58
31
41
31
31
50
38
36
32
31
49
32
31
31
49
31
32
48
31
31
47
31
43
36
35
31
