29
40
21
35
31
30
25
25
26
20
16
40
31
30
31
31
30
31
31
30
31
30
31
30
30
30
25
27
30
31
31
30
31
30
31
31
30
31
31
31
27
27
30
31
31
30
30
31
31
31
30
31
28
31
31
30
30
31
30
31
31
30
21
32
15
32
15
42
29
26
25
25
31
31
21
34
30
27
30
21
35
30
31
31
30
31
31
31
30
31
31
39
25
31
31
39
25
25
27
30
31
31
31
31
30
28
31
21
32
28
30
26
21
31
16
39
31
30
31
21
31
16
31
32
29
26
25
27
30
21
32
15
31
33
30
25
30
26
31
31
15
40
30
31
30
31
31
30
31
31
31
30
31
31
30
31
30
31
30
31
31
31
30
31
31
31
30
31
31
21
31
16
31
43
28
26
25
26
31
30
31
31
30
29
31
36
31
29
26
25
27
30
25
25
26
26
31
30
31
31
30
31
31
31
30
31
31
31
30
31
31
30
31
31
30
31
31
31
30
31
30
31
31
31
30
31
31
30
31
31
31
30
31
30
31
30
30
28
32
30
31
30
31
30
30
32
31
30
31
30
31
30
31
30
31
30
31
30
31
30
21
35
28
26
31
31
30
31
30
31
31
30
31
31
31
30
31
31
30
31
31
31
30
31
31
30
31
31
31
31
30
31
31
30
31
38
31
31
35
30
31
31
30
31
31
36
31
31
32
31
35
16
31
30
24
36
25
26
26
30
31
21
31
28
26
29
27
30
31
31
31
21
34
28
27
30
31
30
31
31
30
31
30
22
31
15
32
15
43
28
22
34
25
16
31
16
31
31
16
31
33
15
31
32
15
32
15
41
26
29
25
26
26
29
27
30
31
30
31
30
31
30
31
21
31
16
31
32
30
30
31
31
36
16
31
16
31
36
26
25
25
26
26
31
30
39
26
30
31
31
30
31
30
31
31
31
30
31
31
30
31
31
30
31
31
31
30
31
21
32
15
31
16
31
32
29
29
27
30
30
31
31
30
31
30
31
20
31
16
37
26
25
26
31
31
31
30
29
31
31
30
31
30
31
31
30
31
31
30
31
29
30
26
31
30
31
31
31
30
29
30
31
31
30
31
31
29
27
29
27
31
30
31
31
31
30
31
31
30
31
31
30
31
31
30
31
31
30
31
31
30
31
30
31
31
21
34
29
36
31
30
31
30
30
30
35
27
30
30
26
30
20
41
25
26
30
31
31
29
31
31
31
30
31
31
30
31
31
31
38
31
30
31
31
31
30
31
31
30
31
31
30
31
29
30
26
30
26
31
29
20
15
42
30
26
29
26
31
31
30
31
31
30
31
30
22
31
15
32
15
43
20
32
15
37
25
26
25
26
31
31
21
31
16
31
32
26
29
25
27
30
31
31
30
31
31
30
31
31
30
31
31
31
30
31
29
30
22
35
30
31
31
30
31
30
31
31
31
30
30
26
31
30
31
30
31
31
31
31
30
31
31
30
31
31
30
22
31
16
31
16
46
16
31
35
29
25
25
27
30
31
31
30
31
29
25
25
31
26
30
30
31
31
30
31
31
30
31
31
30
31
31
30
31
31
31
30
31
31
31
30
31
31
28
30
26
21
32
15
39
35
26
26
31
21
35
30
16
39
31
21
31
29
30
30
31
30
26
31
31
30
30
31
25
21
31
16
38
35
36
26
16
34
16
31
30
16
40
29
26
25
37
29
26
31
40
31
31
39
31
31
30
31
26
30
31
31
31
30
31
31
30
31
30
31
31
30
31
31
31
31
30
31
31
30
31
31
30
31
31
30
21
32
29
30
31
31
30
31
30
29
31
30
31
29
27
31
30
31
31
31
30
31
31
30
31
31
30
31
31
30
31
31
30
29
31
30
31
31
30
29
31
31
30
31
31
31
30
31
31
30
31
31
30
31
31
31
30
29
31
31
30
31
31
30
31
31
31
21
31
16
31
16
41
26
25
26
31
30
30
31
30
31
31
30
31
31
31
31
30
31
31
30
31
31
28
30
27
30
31
31
30
31
31
30
31
31
30
31
30
31
31
31
29
31
31
30
31
21
31
16
31
16
31
31
16
40
25
26
20
30
26
26
31
30
21
35
31
30
31
31
21
34
29
25
25
26
31
30
31
31
39
31
31
31
28
27
30
31
30
30
26
30
31
40
30
31
31
30
31
30
40
31
30
31
31
30
31
31
30
31
31
30
35
31
25
26
25
25
27
29
26
25
27
30
31
30
31
31
31
30
31
30
22
31
15
39
31
30
21
