7 49954380569
7 49954380581
7 49954380594
7 49954380598
7 49954380621
7 49954380642
7 49954380661
7 49954380669
7 49954380674
7 49954380707
7 49954380712
7 49954380716
8 49954381208
8 49954381215
8 49954381219
8 49954381223
8 49954381228
8 49954381234
8 49954381241
8 49954381245
8 49954381249
8 49954381255
8 49954381260
8 49954381267
8 49954381271
8 49954381279
8 49954381283
8 49954381287
8 49954381297
8 49954381304
8 49954381321
8 49954381325
8 49954381332
8 49954381346
8 49954381352
8 49954381356
8 49954381360
8 49954381367
8 49954381374
9 49954381855
9 49954381866
9 49954381876
9 49954381883
9 49954381887
9 49954381894
9 49954381898
9 49954381906
9 49954381911
9 49954381915
9 49954381919
9 49954381923
9 49954381927
9 49954381932
9 49954381936
9 49954381941
9 49954381945
9 49954381951
9 49954381957
9 49954381961
9 49954381965
9 49954381972
9 49954381976
9 49954381980
9 49954381985
9 49954381991
9 49954381995
9 49954381999
9 49954382003
9 49954382009
9 49954382014
9 49954382020
9 49954382025
10 49954382513
10 49954382517
10 49954382522
10 49954382530
10 49954382538
10 49954382543
10 49954382547
10 49954382552
10 49954382556
10 49954382560
10 49954382565
10 49954382570
10 49954382574
10 49954382578
10 49954382586
10 49954382592
10 49954382596
10 49954382601
10 49954382608
10 49954382612
10 49954382616
10 49954382620
10 49954382624
10 49954382640
10 49954382644
10 49954382648
10 49954382652
10 49954382657
10 49954382662
10 49954382672
10 49954382678
10 49954382682
