6 49954453676
7 49954454276
7 49954454288
7 49954454298
7 49954454307
7 49954454317
7 49954454358
7 49954454377
7 49954454389
7 49954454396
7 49954454407
7 49954454413
8 49954454927
8 49954454937
8 49954454949
8 49954454956
8 49954454961
8 49954454966
8 49954454971
8 49954454975
8 49954454997
8 49954455001
8 49954455005
8 49954455015
8 49954455019
8 49954455025
8 49954455032
8 49954455038
8 49954455048
8 49954455052
8 49954455056
8 49954455067
8 49954455071
8 49954455076
8 49954455083
8 49954455089
8 49954455093
9 49954455577
9 49954455593
9 49954455603
9 49954455610
9 49954455617
9 49954455626
9 49954455630
9 49954455634
9 49954455638
9 49954455642
9 49954455647
9 49954455651
9 49954455655
9 49954455659
9 49954455664
9 49954455668
9 49954455672
9 49954455677
9 49954455681
9 49954455685
9 49954455689
9 49954455694
9 49954455698
9 49954455702
9 49954455710
9 49954455715
9 49954455719
9 49954455724
9 49954455737
9 49954455741
9 49954455745
9 49954455750
10 49954456234
10 49954456239
10 49954456247
10 49954456253
10 49954456262
10 49954456267
10 49954456271
10 49954456279
10 49954456284
10 49954456296
10 49954456300
10 49954456305
10 49954456309
10 49954456314
10 49954456319
10 49954456324
10 49954456328
10 49954456333
10 49954456337
10 49954456341
10 49954456345
10 49954456350
10 49954456355
10 49954456360
10 49954456364
10 49954456368
10 49954456372
10 49954456378
10 49954456386
10 49954456391
10 49954456402
