7 49954548205
7 49954548235
7 49954548255
7 49954548259
7 49954548263
7 49954548271
7 49954548294
7 49954548324
7 49954548328
7 49954548335
7 49954548339
7 49954548346
7 49954548368
7 49954548377
8 49954548861
8 49954548869
8 49954548873
8 49954548877
8 49954548883
8 49954548887
8 49954548894
8 49954548899
8 49954548903
8 49954548913
8 49954548922
8 49954548929
8 49954548936
8 49954548945
8 49954548951
8 49954548958
8 49954548966
8 49954548970
8 49954548976
8 49954548980
9 49954549475
9 49954549479
9 49954549484
9 49954549493
9 49954549497
9 49954549504
9 49954549508
9 49954549512
9 49954549516
9 49954549520
9 49954549525
9 49954549529
9 49954549533
9 49954549537
9 49954549542
9 49954549547
9 49954549553
9 49954549557
9 49954549563
9 49954549569
9 49954549573
9 49954549577
9 49954549584
9 49954549588
9 49954549592
9 49954549596
9 49954549600
9 49954549605
9 49954549609
9 49954549613
9 49954549619
9 49954549627
9 49954549632
9 49954549636
9 49954549641
10 49954550130
10 49954550134
10 49954550139
10 49954550146
10 49954550150
10 49954550154
10 49954550166
10 49954550172
10 49954550176
10 49954550181
10 49954550194
10 49954550199
10 49954550204
10 49954550208
10 49954550212
10 49954550217
10 49954550224
10 49954550228
10 49954550239
10 49954550243
10 49954550247
10 49954550252
10 49954550256
10 49954550260
10 49954550266
10 49954550270
10 49954550274
10 49954550280
10 49954550284
10 49954550289
10 49954550294
