6 49954441826
6 49954441862
6 49954441872
7 49954442414
7 49954442424
7 49954442432
7 49954442441
7 49954442470
7 49954442488
7 49954442530
7 49954442580
9 49954443795
9 49954443799
9 49954443804
9 49954443808
9 49954443812
9 49954443816
9 49954443820
9 49954443824
9 49954443828
9 49954443834
9 49954443838
9 49954443842
9 49954443847
9 49954443852
9 49954443857
9 49954443861
9 49954443865
9 49954443869
9 49954443873
9 49954443877
9 49954443882
9 49954443886
9 49954443892
9 49954443898
9 49954443905
9 49954443910
9 49954443916
9 49954443920
9 49954443925
9 49954443930
9 49954443935
9 49954443939
9 49954443943
9 49954443951
9 49954443955
