7 49954561485
7 49954561491
7 49954561511
7 49954561519
7 49954561523
7 49954561527
7 49954561544
7 49954561554
7 49954561588
7 49954561593
7 49954561600
7 49954561604
7 49954561610
7 49954561616
7 49954561629
7 49954561640
7 49954561655
8 49954562129
8 49954562136
8 49954562143
8 49954562148
8 49954562154
8 49954562159
8 49954562163
8 49954562172
8 49954562181
8 49954562186
8 49954562191
8 49954562195
8 49954562204
9 49954562696
9 49954562700
9 49954562708
9 49954562723
9 49954562727
9 49954562742
9 49954562746
9 49954562750
9 49954562754
9 49954562758
9 49954562770
9 49954562775
9 49954562779
9 49954562783
9 49954562787
9 49954562792
9 49954562796
9 49954562800
9 49954562805
9 49954562811
9 49954562815
9 49954562819
9 49954562823
9 49954562828
9 49954562832
9 49954562836
9 49954562840
9 49954562847
9 49954562851
9 49954562856
9 49954562860
9 49954562864
9 49954562869
