6 49954429331
7 49954429936
7 49954429942
7 49954429974
7 49954430024
7 49954430034
7 49954430051
7 49954430067
7 49954430075
7 49954430095
8 49954430584
8 49954430589
8 49954430599
8 49954430605
8 49954430610
8 49954430614
8 49954430618
8 49954430634
8 49954430638
8 49954430642
8 49954430666
8 49954430673
8 49954430678
8 49954430687
8 49954430693
8 49954430698
8 49954430704
8 49954430713
8 49954430718
8 49954430725
8 49954430730
8 49954430739
8 49954430745
9 49954431238
9 49954431244
9 49954431253
9 49954431257
9 49954431263
9 49954431267
9 49954431273
9 49954431278
9 49954431283
9 49954431288
9 49954431292
9 49954431296
9 49954431301
9 49954431305
9 49954431309
9 49954431314
9 49954431320
9 49954431324
9 49954431330
9 49954431337
9 49954431341
9 49954431345
9 49954431355
9 49954431359
9 49954431364
9 49954431368
9 49954431377
9 49954431382
9 49954431387
9 49954431393
9 49954431403
10 49954431893
10 49954431904
10 49954431908
10 49954431918
10 49954431922
10 49954431930
10 49954431934
10 49954431940
10 49954431944
10 49954431948
10 49954431953
10 49954431957
10 49954431961
10 49954431965
10 49954431971
10 49954431977
10 49954431982
10 49954431986
10 49954431992
10 49954431996
10 49954432004
10 49954432008
10 49954432012
10 49954432017
10 49954432028
10 49954432032
10 49954432036
10 49954432040
10 49954432045
10 49954432054
10 49954432062
