7 49954397130
7 49954397158
7 49954397183
7 49954397187
7 49954397207
7 49954397224
8 49954397759
8 49954397770
8 49954397774
8 49954397778
8 49954397792
8 49954397799
8 49954397809
8 49954397816
8 49954397824
9 49954398308
9 49954398327
9 49954398331
9 49954398335
9 49954398339
9 49954398343
9 49954398349
9 49954398353
9 49954398357
9 49954398363
9 49954398368
9 49954398373
9 49954398378
9 49954398387
9 49954398394
9 49954398399
9 49954398403
9 49954398408
9 49954398413
9 49954398417
9 49954398424
9 49954398428
9 49954398434
9 49954398441
9 49954398445
9 49954398449
9 49954398454
9 49954398458
9 49954398462
9 49954398467
9 49954398472
9 49954398479
9 49954398483
10 49954398975
10 49954398985
10 49954398991
10 49954398995
10 49954399002
10 49954399006
10 49954399014
10 49954399022
10 49954399026
