7 49954209690
7 49954209712
8 49954210209
8 49954210214
8 49954210219
8 49954210223
8 49954210232
8 49954210236
8 49954210244
8 49954210248
8 49954210253
8 49954210259
8 49954210263
8 49954210267
8 49954210271
8 49954210275
8 49954210280
8 49954210288
8 49954210297
8 49954210303
8 49954210310
8 49954210314
8 49954210318
8 49954210324
8 49954210330
8 49954210343
8 49954210348
8 49954210352
8 49954210356
8 49954210362
8 49954210368
9 49954210872
9 49954210883
9 49954210889
9 49954210894
9 49954210898
9 49954210905
9 49954210909
9 49954210913
10 49954211416
10 49954211421
10 49954211426
10 49954211430
10 49954211435
10 49954211439
10 49954211444
10 49954211448
10 49954211452
10 49954211456
10 49954211463
10 49954211468
10 49954211472
10 49954211478
10 49954211486
10 49954211490
10 49954211494
10 49954211499
10 49954211503
10 49954211508
10 49954211513
10 49954211520
10 49954211524
10 49954211530
10 49954211534
10 49954211539
10 49954211543
10 49954211547
10 49954211551
10 49954211555
10 49954211562
10 49954211566
10 49954211573
10 49954211577
