7 49954292656
7 49954292661
7 49954292684
7 49954292722
7 49954292728
7 49954292746
7 49954292770
7 49954292776
7 49954292787
7 49954292820
8 49954293308
8 49954293330
8 49954293342
8 49954293348
8 49954293352
8 49954293357
8 49954293361
8 49954293368
8 49954293377
8 49954293382
8 49954293387
8 49954293399
8 49954293403
8 49954293409
8 49954293415
8 49954293422
8 49954293432
9 49954293919
9 49954293934
9 49954293949
9 49954293957
9 49954293964
9 49954293970
9 49954293978
9 49954293982
9 49954293990
9 49954293994
9 49954294001
9 49954294005
9 49954294009
9 49954294014
9 49954294018
9 49954294024
9 49954294030
9 49954294039
9 49954294047
9 49954294051
9 49954294058
9 49954294062
9 49954294066
9 49954294072
9 49954294079
9 49954294083
9 49954294087
10 49954294581
10 49954294585
10 49954294590
10 49954294601
10 49954294605
10 49954294609
10 49954294613
10 49954294617
10 49954294621
10 49954294625
10 49954294633
10 49954294648
10 49954294652
10 49954294656
10 49954294666
10 49954294671
10 49954294678
10 49954294682
10 49954294689
10 49954294693
10 49954294698
10 49954294703
10 49954294708
10 49954294712
10 49954294716
10 49954294725
10 49954294730
10 49954294736
10 49954294742
10 49954294748
