5 49954533511
7 49954534571
7 49954534600
7 49954534614
7 49954534641
7 49954534656
7 49954534680
7 49954534695
7 49954534702
8 49954535222
8 49954535226
8 49954535230
8 49954535234
8 49954535239
8 49954535243
8 49954535248
8 49954535262
8 49954535266
8 49954535275
8 49954535281
8 49954535285
8 49954535303
8 49954535307
8 49954535311
8 49954535315
8 49954535319
8 49954535323
8 49954535329
8 49954535333
8 49954535337
8 49954535341
8 49954535346
8 49954535355
8 49954535365
8 49954535369
8 49954535376
8 49954535380
8 49954535387
8 49954535394
9 49954535882
9 49954535886
9 49954535893
9 49954535901
9 49954535906
9 49954535919
9 49954535926
9 49954535932
9 49954535937
9 49954535941
9 49954535950
9 49954535954
9 49954535958
9 49954535964
9 49954535972
9 49954535976
9 49954535981
9 49954535985
9 49954535989
9 49954535993
9 49954535997
9 49954536002
9 49954536007
9 49954536016
9 49954536022
9 49954536026
9 49954536030
9 49954536034
9 49954536038
9 49954536043
9 49954536048
10 49954536532
10 49954536537
10 49954536541
10 49954536546
10 49954536558
10 49954536562
10 49954536566
10 49954536576
10 49954536580
10 49954536585
10 49954536590
10 49954536594
10 49954536599
10 49954536603
10 49954536609
10 49954536613
10 49954536620
10 49954536624
10 49954536638
10 49954536642
10 49954536647
10 49954536653
10 49954536658
10 49954536662
10 49954536666
10 49954536680
10 49954536684
10 49954536688
10 49954536693
10 49954536697
10 49954536701
