7 49954195543
7 49954195572
7 49954195585
7 49954195609
7 49954195623
7 49954195630
7 49954195640
7 49954195648
7 49954195665
7 49954195671
7 49954195677
8 49954196185
8 49954196189
8 49954196203
8 49954196215
8 49954196228
8 49954196232
8 49954196245
9 49954196732
9 49954196745
9 49954196754
9 49954196758
9 49954196763
9 49954196767
9 49954196772
9 49954196779
9 49954196785
9 49954196791
9 49954196796
9 49954196800
9 49954196804
9 49954196811
9 49954196818
9 49954196822
9 49954196826
9 49954196830
9 49954196836
9 49954196840
9 49954196855
9 49954196859
9 49954196866
9 49954196871
9 49954196875
9 49954196880
9 49954196884
9 49954196889
9 49954196893
9 49954196900
9 49954196904
10 49954197389
10 49954197393
10 49954197399
10 49954197404
10 49954197408
10 49954197412
10 49954197424
10 49954197428
10 49954197433
10 49954197437
10 49954197441
10 49954197448
10 49954197463
10 49954197467
10 49954197472
10 49954197477
10 49954197481
10 49954197485
10 49954197490
10 49954197494
10 49954197499
10 49954197503
10 49954197508
10 49954197512
10 49954197516
10 49954197522
10 49954197526
10 49954197531
10 49954197537
10 49954197542
10 49954197546
10 49954197551
10 49954197555
