5 49954466004
6 49954466582
7 49954467103
7 49954467127
7 49954467139
7 49954467155
7 49954467164
7 49954467172
7 49954467178
7 49954467190
7 49954467222
7 49954467228
7 49954467235
7 49954467245
7 49954467259
7 49954467265
8 49954467744
8 49954467753
8 49954467757
8 49954467763
8 49954467767
8 49954467772
8 49954467778
8 49954467790
8 49954467796
8 49954467802
8 49954467807
8 49954467811
8 49954467831
8 49954467840
8 49954467847
8 49954467859
8 49954467863
8 49954467870
8 49954467877
8 49954467883
8 49954467892
8 49954467897
8 49954467906
8 49954467911
8 49954467917
9 49954468404
9 49954468412
9 49954468422
9 49954468427
9 49954468433
9 49954468438
9 49954468442
9 49954468446
9 49954468454
9 49954468458
9 49954468465
9 49954468471
9 49954468477
9 49954468485
9 49954468489
9 49954468493
9 49954468497
9 49954468501
9 49954468507
9 49954468511
9 49954468515
9 49954468519
9 49954468526
9 49954468530
9 49954468534
9 49954468540
9 49954468544
9 49954468548
9 49954468552
9 49954468556
9 49954468560
9 49954468565
9 49954468569
10 49954469068
10 49954469077
10 49954469081
10 49954469085
10 49954469089
10 49954469093
10 49954469100
10 49954469106
10 49954469112
10 49954469118
10 49954469122
10 49954469128
10 49954469134
10 49954469139
10 49954469146
10 49954469150
10 49954469155
10 49954469159
10 49954469169
10 49954469173
10 49954469177
10 49954469181
10 49954469185
10 49954469192
10 49954469197
10 49954469203
10 49954469207
10 49954469211
10 49954469219
10 49954469223
10 49954469227
10 49954469231
