6 49954359873
6 49954359885
7 49954360416
7 49954360427
7 49954360431
7 49954360436
7 49954360440
7 49954360452
7 49954360461
7 49954360466
7 49954360477
7 49954360489
7 49954360505
7 49954360529
7 49954360571
7 49954360585
8 49954361077
8 49954361081
8 49954361089
8 49954361102
8 49954361106
8 49954361110
8 49954361124
8 49954361128
8 49954361132
8 49954361136
8 49954361156
8 49954361160
8 49954361166
8 49954361171
8 49954361176
8 49954361184
8 49954361188
8 49954361196
8 49954361206
8 49954361214
8 49954361222
8 49954361227
9 49954361706
9 49954361719
9 49954361724
9 49954361728
9 49954361732
9 49954361739
9 49954361744
9 49954361748
9 49954361752
9 49954361756
9 49954361763
9 49954361767
9 49954361774
9 49954361778
9 49954361783
9 49954361787
9 49954361793
9 49954361798
9 49954361802
9 49954361806
9 49954361810
9 49954361814
9 49954361818
9 49954361822
9 49954361826
9 49954361832
9 49954361837
9 49954361842
9 49954361852
9 49954361856
9 49954361861
9 49954361865
10 49954362359
10 49954362367
10 49954362372
10 49954362378
10 49954362386
10 49954362391
10 49954362395
10 49954362402
10 49954362406
10 49954362411
10 49954362415
10 49954362419
10 49954362423
10 49954362427
10 49954362435
10 49954362439
10 49954362449
10 49954362454
10 49954362462
10 49954362466
10 49954362471
10 49954362475
10 49954362481
10 49954362485
10 49954362490
10 49954362494
10 49954362498
10 49954362504
10 49954362508
10 49954362515
10 49954362519
10 49954362526
10 49954362531
