6 49954228412
7 49954229010
7 49954229017
7 49954229024
7 49954229032
7 49954229045
7 49954229062
7 49954229069
7 49954229079
7 49954229096
7 49954229126
7 49954229154
7 49954229168
8 49954229661
8 49954229668
8 49954229675
8 49954229680
8 49954229684
8 49954229692
8 49954229697
8 49954229709
8 49954229714
9 49954230205
9 49954230220
9 49954230226
9 49954230234
9 49954230244
9 49954230250
9 49954230258
9 49954230262
9 49954230266
9 49954230271
9 49954230278
9 49954230282
9 49954230286
9 49954230290
9 49954230294
9 49954230303
9 49954230307
9 49954230312
9 49954230316
9 49954230321
9 49954230330
9 49954230334
9 49954230338
9 49954230342
9 49954230351
9 49954230357
9 49954230362
9 49954230374
