7 49954498318
7 49954498322
7 49954498339
7 49954498349
7 49954498355
7 49954498366
7 49954498370
7 49954498399
7 49954498403
7 49954498416
7 49954498431
7 49954498474
8 49954498970
8 49954498974
8 49954498979
8 49954498983
8 49954498987
8 49954498995
8 49954499000
8 49954499006
8 49954499015
8 49954499021
9 49954499511
9 49954499515
9 49954499534
9 49954499538
9 49954499542
9 49954499547
9 49954499551
9 49954499557
9 49954499562
9 49954499566
9 49954499571
9 49954499575
9 49954499581
9 49954499585
9 49954499589
9 49954499593
9 49954499598
9 49954499602
9 49954499608
9 49954499612
9 49954499617
9 49954499622
9 49954499627
9 49954499634
9 49954499639
9 49954499643
9 49954499648
9 49954499654
9 49954499658
9 49954499670
9 49954499674
9 49954499680
10 49954500175
10 49954500183
10 49954500194
10 49954500198
10 49954500203
10 49954500207
10 49954500212
10 49954500219
10 49954500223
10 49954500238
10 49954500242
10 49954500247
10 49954500251
10 49954500256
10 49954500260
10 49954500264
10 49954500268
10 49954500272
10 49954500278
10 49954500282
10 49954500286
10 49954500290
10 49954500294
10 49954500300
10 49954500304
10 49954500311
10 49954500316
10 49954500320
10 49954500324
10 49954500328
10 49954500332
