4 49954259121
6 49954260144
6 49954260163
6 49954260234
6 49954260300
7 49954260790
7 49954260794
7 49954260802
7 49954260815
7 49954260821
7 49954260833
7 49954260840
7 49954260852
7 49954260857
7 49954260868
7 49954260899
7 49954260946
7 49954260966
9 49954262177
9 49954262188
9 49954262193
9 49954262199
9 49954262203
9 49954262208
9 49954262216
9 49954262220
9 49954262227
9 49954262233
9 49954262237
9 49954262241
9 49954262245
9 49954262249
9 49954262257
9 49954262261
9 49954262268
9 49954262275
9 49954262280
9 49954262289
9 49954262294
9 49954262298
9 49954262302
9 49954262306
9 49954262310
9 49954262314
9 49954262318
9 49954262323
9 49954262327
9 49954262331
9 49954262336
9 49954262346
10 49954262821
10 49954262827
10 49954262831
10 49954262842
10 49954262847
10 49954262851
10 49954262858
10 49954262863
10 49954262872
10 49954262876
10 49954262884
10 49954262892
10 49954262897
10 49954262911
10 49954262918
10 49954262922
10 49954262928
10 49954262940
10 49954262945
10 49954262952
10 49954262958
10 49954262963
10 49954262967
10 49954262971
10 49954262975
10 49954262979
10 49954262984
10 49954262988
10 49954262993
