5 49688654366
5 49688654371
5 49688654402
5 49688654406
5 49688654412
5 49688654417
5 49688654455
5 49688654483
5 49688654489
5 49688654529
5 49688654538
6 49688655025
6 49688655030
6 49688655034
6 49688655040
6 49688655045
6 49688655049
6 49688655070
6 49688655074
6 49688655078
7 49688655574
7 49688655579
7 49688655583
7 49688655596
7 49688655602
7 49688655607
7 49688655611
7 49688655615
7 49688655620
7 49688655625
7 49688655632
7 49688655636
7 49688655640
7 49688655644
7 49688655648
7 49688655652
7 49688655660
7 49688655668
7 49688655673
7 49688655679
7 49688655683
7 49688655687
7 49688655692
7 49688655697
7 49688655701
7 49688655707
7 49688655714
7 49688655718
7 49688655726
7 49688655731
7 49688655735
7 49688655740
7 49688655744
8 49688656238
8 49688656248
8 49688656253
8 49688656262
8 49688656273
8 49688656278
8 49688656292
8 49688656296
8 49688656303
8 49688656308
8 49688656312
8 49688656316
8 49688656320
8 49688656325
8 49688656329
8 49688656334
8 49688656338
8 49688656342
8 49688656347
8 49688656353
8 49688656359
8 49688656373
8 49688656377
8 49688656381
8 49688656385
8 49688656390
8 49688656394
8 49688656401
8 49688656406
9 49688656883
9 49688656895
9 49688656904
9 49688656921
9 49688656927
9 49688656931
9 49688656935
9 49688656939
9 49688656945
9 49688656950
9 49688656954
9 49688656959
9 49688656965
9 49688656969
9 49688656974
9 49688656978
9 49688656984
9 49688656988
9 49688656992
9 49688656998
9 49688657004
9 49688657009
9 49688657013
9 49688657017
9 49688657024
9 49688657032
9 49688657041
9 49688657046
9 49688657051
9 49688657056
10 49688657539
10 49688657543
10 49688657551
10 49688657558
10 49688657562
10 49688657568
10 49688657572
10 49688657579
10 49688657583
10 49688657588
10 49688657592
10 49688657596
10 49688657600
10 49688657607
10 49688657611
10 49688657615
10 49688657619
10 49688657625
10 49688657630
10 49688657638
10 49688657644
10 49688657648
10 49688657652
10 49688657657
10 49688657661
10 49688657665
10 49688657671
10 49688657676
10 49688657682
10 49688657687
10 49688657691
10 49688657695
10 49688657707
