5 49688551229
5 49688551240
5 49688551247
5 49688551269
5 49688551273
5 49688551280
5 49688551308
5 49688551335
6 49688551859
6 49688551867
6 49688551871
6 49688551875
6 49688551885
6 49688551890
6 49688551894
6 49688551899
6 49688551912
6 49688551918
6 49688551931
6 49688551935
6 49688551939
6 49688551944
6 49688551948
6 49688551953
6 49688551965
6 49688551971
6 49688551975
6 49688551980
6 49688551985
6 49688551996
6 49688552002
6 49688552013
6 49688552017
6 49688552026
7 49688552510
7 49688552515
7 49688552526
7 49688552531
7 49688552537
7 49688552544
7 49688552549
7 49688552554
7 49688552559
7 49688552563
7 49688552567
7 49688552582
7 49688552588
7 49688552593
7 49688552599
8 49688553086
8 49688553094
8 49688553100
8 49688553104
8 49688553109
8 49688553118
8 49688553122
8 49688553126
8 49688553131
8 49688553138
8 49688553142
8 49688553150
8 49688553154
8 49688553162
8 49688553166
8 49688553179
8 49688553186
8 49688553192
8 49688553196
8 49688553200
8 49688553209
8 49688553219
8 49688553224
8 49688553228
8 49688553232
8 49688553237
8 49688553244
8 49688553249
8 49688553254
8 49688553258
8 49688553263
9 49688553751
9 49688553755
9 49688553759
9 49688553766
9 49688553782
9 49688553790
9 49688553809
9 49688553824
9 49688553829
9 49688553836
9 49688553840
9 49688553844
9 49688553851
9 49688553855
9 49688553862
9 49688553869
9 49688553884
9 49688553888
9 49688553894
9 49688553899
9 49688553905
9 49688553911
9 49688553917
9 49688553922
10 49688554401
10 49688554411
10 49688554416
10 49688554421
10 49688554426
10 49688554432
10 49688554436
10 49688554440
10 49688554450
10 49688554454
10 49688554459
10 49688554467
10 49688554484
10 49688554496
10 49688554501
10 49688554506
10 49688554510
10 49688554515
10 49688554519
10 49688554524
10 49688554531
10 49688554535
10 49688554540
10 49688554544
10 49688554548
10 49688554554
10 49688554559
10 49688554563
10 49688554569
10 49688554573
10 49688554578
