5 49688599001
5 49688599010
5 49688599014
5 49688599051
5 49688599055
5 49688599089
5 49688599122
5 49688599128
5 49688599144
5 49688599148
5 49688599159
6 49688599631
6 49688599643
6 49688599647
6 49688599652
6 49688599662
6 49688599671
6 49688599686
6 49688599690
6 49688599695
6 49688599702
6 49688599707
6 49688599711
6 49688599715
6 49688599720
6 49688599724
6 49688599728
6 49688599734
6 49688599743
6 49688599748
6 49688599752
6 49688599756
6 49688599764
6 49688599769
6 49688599776
6 49688599780
6 49688599785
6 49688599793
6 49688599799
6 49688599805
6 49688599809
8 49688601011
8 49688601017
8 49688601021
8 49688601025
8 49688601029
8 49688601034
8 49688601039
8 49688601043
8 49688601047
8 49688601058
8 49688601062
8 49688601066
8 49688601070
8 49688601076
8 49688601080
8 49688601085
8 49688601089
8 49688601094
8 49688601098
8 49688601104
8 49688601108
8 49688601115
8 49688601122
8 49688601133
8 49688601138
8 49688601142
8 49688601147
8 49688601163
8 49688601171
8 49688601175
8 49688601179
8 49688601183
9 49688601672
9 49688601681
9 49688601685
9 49688601690
9 49688601696
9 49688601705
9 49688601716
9 49688601722
9 49688601731
9 49688601742
9 49688601746
9 49688601751
9 49688601755
9 49688601759
9 49688601764
9 49688601769
9 49688601773
9 49688601787
9 49688601804
9 49688601808
9 49688601815
9 49688601820
9 49688601831
9 49688601835
9 49688601840
9 49688601844
9 49688601848
10 49688602329
10 49688602334
10 49688602347
10 49688602351
10 49688602356
10 49688602362
10 49688602367
10 49688602372
10 49688602376
10 49688602383
10 49688602389
10 49688602396
10 49688602407
10 49688602411
10 49688602416
10 49688602420
10 49688602429
10 49688602435
10 49688602441
10 49688602446
10 49688602450
10 49688602455
10 49688602463
10 49688602470
10 49688602474
10 49688602479
10 49688602487
10 49688602493
10 49688602500
