5 49688534432
5 49688534450
5 49688534460
5 49688534470
5 49688534483
5 49688534501
5 49688534522
5 49688534538
5 49688534557
5 49688534570
5 49688534593
7 49688535811
7 49688535819
7 49688535827
7 49688535832
7 49688535841
7 49688535845
7 49688535852
7 49688535856
7 49688535864
7 49688535870
7 49688535877
7 49688535882
7 49688535887
7 49688535899
7 49688535903
7 49688535907
7 49688535913
7 49688535917
7 49688535923
7 49688535929
7 49688535934
7 49688535941
7 49688535945
7 49688535951
7 49688535956
7 49688535967
7 49688535974
7 49688535978
7 49688535983
8 49688536461
8 49688536466
8 49688536472
8 49688536481
8 49688536486
8 49688536490
8 49688536494
8 49688536498
8 49688536502
8 49688536506
8 49688536513
8 49688536519
8 49688536523
8 49688536527
8 49688536533
8 49688536539
8 49688536544
8 49688536552
8 49688536557
8 49688536561
8 49688536566
8 49688536575
8 49688536579
8 49688536583
8 49688536602
8 49688536607
8 49688536614
8 49688536618
8 49688536622
8 49688536626
8 49688536630
10 49688537850
10 49688537854
10 49688537861
10 49688537865
10 49688537872
10 49688537876
10 49688537881
10 49688537885
10 49688537891
10 49688537895
10 49688537899
10 49688537910
10 49688537916
10 49688537922
10 49688537927
10 49688537932
10 49688537936
10 49688537940
10 49688537944
10 49688537948
10 49688537952
10 49688537960
10 49688537965
10 49688537970
10 49688537975
10 49688537980
10 49688537988
10 49688537992
10 49688537997
10 49688538001
10 49688538006
10 49688538011
10 49688538018
