5 49688674894
5 49688674919
5 49688674924
5 49688674933
5 49688674946
5 49688674953
5 49688674962
5 49688674966
5 49688674982
5 49688675006
5 49688675032
6 49688675552
6 49688675557
6 49688675562
6 49688675569
6 49688675573
6 49688675577
6 49688675587
6 49688675592
6 49688675603
6 49688675613
6 49688675625
6 49688675629
6 49688675633
6 49688675640
6 49688675645
6 49688675649
6 49688675656
6 49688675660
6 49688675669
6 49688675673
6 49688675677
6 49688675682
6 49688675688
6 49688675693
6 49688675698
6 49688675703
6 49688675707
6 49688675719
8 49688676675
8 49688676681
8 49688676687
8 49688676698
8 49688676702
8 49688676706
8 49688676711
8 49688676715
8 49688676729
8 49688676739
8 49688676744
8 49688676751
8 49688676759
8 49688676763
8 49688676773
8 49688676779
8 49688676789
8 49688676798
8 49688676804
8 49688676811
8 49688676815
8 49688676819
8 49688676823
8 49688676827
8 49688676831
8 49688676835
8 49688676843
8 49688676851
9 49688677338
9 49688677343
9 49688677348
9 49688677354
9 49688677358
9 49688677363
9 49688677367
9 49688677373
9 49688677377
9 49688677384
9 49688677389
9 49688677393
9 49688677397
9 49688677404
9 49688677408
9 49688677414
9 49688677418
9 49688677424
9 49688677429
9 49688677433
9 49688677437
9 49688677441
9 49688677447
9 49688677455
9 49688677470
9 49688677474
9 49688677478
9 49688677482
9 49688677487
9 49688677491
9 49688677499
9 49688677505
10 49688677981
10 49688677986
10 49688677997
10 49688678003
10 49688678007
10 49688678017
10 49688678024
10 49688678031
10 49688678035
10 49688678040
10 49688678045
10 49688678053
10 49688678060
10 49688678067
10 49688678072
10 49688678076
10 49688678080
10 49688678087
10 49688678093
10 49688678097
10 49688678101
10 49688678105
10 49688678111
10 49688678116
10 49688678121
10 49688678125
10 49688678132
10 49688678138
10 49688678142
10 49688678146
10 49688678155
