6 49688148092
6 49688148137
6 49688148144
6 49688148154
6 49688148158
6 49688148166
6 49688148184
6 49688148250
7 49688148743
7 49688148751
7 49688148755
7 49688148761
7 49688148773
7 49688148777
7 49688148785
7 49688148792
7 49688148817
7 49688148833
8 49688149319
8 49688149328
8 49688149332
8 49688149344
8 49688149348
8 49688149352
8 49688149357
8 49688149361
8 49688149379
8 49688149383
8 49688149388
8 49688149392
8 49688149398
8 49688149402
8 49688149413
8 49688149422
8 49688149426
8 49688149438
8 49688149444
8 49688149449
8 49688149453
8 49688149457
8 49688149461
8 49688149469
8 49688149473
8 49688149478
8 49688149483
8 49688149487
8 49688149492
9 49688149966
9 49688149973
9 49688149987
9 49688149991
9 49688149998
9 49688150002
9 49688150010
9 49688150014
9 49688150019
9 49688150027
9 49688150032
9 49688150037
9 49688150044
9 49688150051
9 49688150055
9 49688150062
9 49688150067
9 49688150071
9 49688150075
9 49688150084
10 49688150593
10 49688150597
10 49688150602
10 49688150608
10 49688150614
10 49688150618
10 49688150622
10 49688150626
10 49688150633
10 49688150637
10 49688150641
10 49688150645
10 49688150651
10 49688150655
10 49688150659
10 49688150663
10 49688150667
10 49688150671
10 49688150675
10 49688150679
10 49688150684
10 49688150688
10 49688150693
10 49688150698
10 49688150702
10 49688150706
10 49688150711
10 49688150715
10 49688150720
10 49688150724
10 49688150728
10 49688150734
10 49688150738
10 49688150743
10 49688150747
10 49688150752
10 49688150756
