6 49688104204
6 49688104231
6 49688104244
6 49688104264
6 49688104272
6 49688104348
7 49688104878
7 49688104885
7 49688104889
7 49688104893
7 49688104903
7 49688104924
7 49688104939
7 49688104951
7 49688104955
7 49688104961
7 49688104977
7 49688104989
7 49688104996
7 49688105006
7 49688105013
7 49688105021
8 49688105507
8 49688105519
8 49688105526
8 49688105532
8 49688105539
8 49688105545
8 49688105549
8 49688105554
9 49688106048
9 49688106053
9 49688106058
9 49688106063
9 49688106069
9 49688106074
9 49688106078
9 49688106082
9 49688106090
9 49688106094
9 49688106098
9 49688106102
9 49688106108
9 49688106112
9 49688106119
9 49688106125
9 49688106129
9 49688106133
9 49688106137
9 49688106144
9 49688106148
9 49688106153
9 49688106157
9 49688106162
9 49688106166
9 49688106171
9 49688106175
9 49688106179
9 49688106183
9 49688106188
9 49688106193
9 49688106197
9 49688106201
9 49688106206
9 49688106210
9 49688106214
9 49688106219
10 49688106719
10 49688106723
10 49688106728
10 49688106732
10 49688106740
10 49688106744
10 49688106749
10 49688106757
10 49688106771
10 49688106775
10 49688106781
10 49688106787
10 49688106795
10 49688106800
10 49688106804
10 49688106811
10 49688106816
10 49688106820
10 49688106824
10 49688106828
10 49688106835
10 49688106839
10 49688106844
10 49688106848
10 49688106853
10 49688106856
10 49688106863
10 49688106868
10 49688106872
10 49688106882
