7 49688218656
7 49688218668
7 49688218689
7 49688218707
7 49688218714
7 49688218718
7 49688218725
7 49688218735
7 49688218744
7 49688218753
7 49688218759
7 49688218774
7 49688218778
7 49688218783
7 49688218789
7 49688218794
7 49688218805
8 49688219297
8 49688219301
8 49688219305
8 49688219311
8 49688219316
8 49688219321
8 49688219325
8 49688219329
8 49688219333
8 49688219338
8 49688219343
8 49688219349
8 49688219353
9 49688219842
9 49688219850
9 49688219855
9 49688219863
9 49688219867
9 49688219872
9 49688219878
9 49688219884
9 49688219888
9 49688219892
9 49688219896
9 49688219901
9 49688219908
9 49688219915
9 49688219921
9 49688219925
9 49688219929
9 49688219934
9 49688219941
9 49688219945
9 49688219951
9 49688219959
9 49688219963
9 49688219970
9 49688219974
9 49688219978
9 49688219982
9 49688219986
9 49688219991
9 49688219995
9 49688220000
9 49688220004
9 49688220010
10 49688220499
10 49688220503
10 49688220511
10 49688220515
10 49688220519
10 49688220523
10 49688220529
10 49688220533
10 49688220538
10 49688220543
10 49688220548
10 49688220553
10 49688220559
10 49688220563
10 49688220568
10 49688220574
10 49688220578
10 49688220583
10 49688220587
10 49688220592
10 49688220599
10 49688220603
10 49688220609
10 49688220614
10 49688220618
10 49688220622
10 49688220629
10 49688220633
10 49688220637
10 49688220641
10 49688220645
10 49688220651
10 49688220657
10 49688220661
10 49688220665
