7 49688129326
7 49688129339
7 49688129345
7 49688129351
7 49688129355
7 49688129363
7 49688129372
7 49688129376
7 49688129385
7 49688129391
7 49688129395
7 49688129400
7 49688129407
7 49688129419
7 49688129426
7 49688129458
7 49688129463
7 49688129477
7 49688129493
8 49688129981
8 49688129985
8 49688129990
8 49688129994
8 49688129998
8 49688130005
8 49688130009
8 49688130014
8 49688130018
8 49688130025
8 49688130032
8 49688130037
8 49688130041
8 49688130051
8 49688130055
8 49688130065
8 49688130073
8 49688130077
8 49688130083
8 49688130089
8 49688130112
8 49688130116
8 49688130120
8 49688130124
8 49688130129
8 49688130135
8 49688130143
8 49688130148
10 49688131357
10 49688131362
10 49688131370
10 49688131383
10 49688131390
10 49688131397
10 49688131401
10 49688131405
10 49688131409
10 49688131414
10 49688131420
10 49688131426
10 49688131431
10 49688131436
10 49688131440
10 49688131444
10 49688131448
10 49688131452
10 49688131456
10 49688131461
10 49688131465
10 49688131470
10 49688131474
10 49688131478
10 49688131483
10 49688131489
10 49688131493
10 49688131497
10 49688131501
10 49688131505
10 49688131511
10 49688131517
10 49688131523
