5 49688331458
6 49688332010
6 49688332092
6 49688332098
6 49688332109
7 49688332653
7 49688332664
7 49688332675
7 49688332679
7 49688332688
7 49688332699
7 49688332716
7 49688332720
7 49688332727
7 49688332739
7 49688332746
7 49688332750
7 49688332754
7 49688332761
7 49688332765
7 49688332769
7 49688332774
7 49688332784
7 49688332789
7 49688332800
7 49688332825
8 49688333309
8 49688333313
8 49688333317
8 49688333322
8 49688333326
8 49688333330
8 49688333335
8 49688333339
8 49688333345
8 49688333349
8 49688333353
8 49688333357
8 49688333361
9 49688333851
9 49688333855
9 49688333860
9 49688333868
9 49688333883
9 49688333887
9 49688333891
9 49688333895
9 49688333899
9 49688333904
9 49688333909
9 49688333913
9 49688333918
9 49688333922
9 49688333929
9 49688333933
9 49688333937
9 49688333944
9 49688333948
9 49688333952
9 49688333958
9 49688333963
9 49688333967
9 49688333971
9 49688333975
9 49688333980
9 49688333984
9 49688333988
9 49688333992
9 49688333999
9 49688334003
9 49688334008
9 49688334012
9 49688334018
9 49688334022
10 49688334511
10 49688334520
10 49688334526
10 49688334531
10 49688334536
10 49688334540
10 49688334554
10 49688334558
10 49688334562
10 49688334567
10 49688334571
10 49688334575
10 49688334579
10 49688334584
10 49688334588
10 49688334593
10 49688334597
10 49688334601
10 49688334605
10 49688334613
10 49688334618
10 49688334622
10 49688334627
10 49688334631
10 49688334636
10 49688334643
10 49688334647
10 49688334651
10 49688334655
10 49688334659
10 49688334664
10 49688334669
10 49688334676
10 49688334683
