6 49688249014
6 49688249018
7 49688249620
7 49688249627
7 49688249635
7 49688249647
7 49688249652
7 49688249668
7 49688249678
7 49688249688
7 49688249692
7 49688249704
7 49688249715
7 49688249731
7 49688249737
7 49688249744
7 49688249766
7 49688249777
8 49688250277
8 49688250281
8 49688250286
8 49688250290
8 49688250295
8 49688250301
8 49688250306
8 49688250311
8 49688250315
8 49688250325
8 49688250332
9 49688250822
9 49688250835
9 49688250839
9 49688250845
9 49688250854
9 49688250862
9 49688250874
9 49688250878
9 49688250882
9 49688250886
9 49688250891
9 49688250895
9 49688250899
9 49688250903
9 49688250908
9 49688250912
9 49688250916
9 49688250921
9 49688250925
9 49688250929
9 49688250941
9 49688250945
9 49688250949
9 49688250954
9 49688250959
9 49688250963
9 49688250970
9 49688250975
9 49688250982
9 49688250986
9 49688250990
9 49688250994
