6 49688230999
6 49688231016
7 49688231582
7 49688231602
7 49688231609
7 49688231615
7 49688231629
7 49688231639
7 49688231645
7 49688231657
7 49688231662
7 49688231669
7 49688231676
7 49688231681
7 49688231701
7 49688231712
7 49688231718
7 49688231726
8 49688232203
8 49688232207
8 49688232211
8 49688232218
8 49688232223
8 49688232228
8 49688232233
8 49688232237
8 49688232243
8 49688232247
8 49688232252
8 49688232259
8 49688232265
8 49688232269
9 49688232758
9 49688232773
9 49688232778
9 49688232782
9 49688232786
9 49688232790
9 49688232800
9 49688232804
9 49688232809
9 49688232814
9 49688232818
9 49688232822
9 49688232828
9 49688232832
9 49688232836
9 49688232840
9 49688232844
9 49688232849
9 49688232853
9 49688232859
9 49688232865
9 49688232872
9 49688232876
9 49688232884
9 49688232888
9 49688232896
9 49688232900
9 49688232904
9 49688232909
9 49688232913
9 49688232918
9 49688232921
9 49688232925
9 49688232929
10 49688233423
10 49688233433
10 49688233439
10 49688233444
10 49688233448
10 49688233455
10 49688233461
10 49688233468
10 49688233473
10 49688233477
10 49688233481
10 49688233485
10 49688233491
10 49688233495
10 49688233500
10 49688233504
10 49688233509
10 49688233513
10 49688233520
10 49688233525
10 49688233531
10 49688233535
10 49688233538
10 49688233543
10 49688233549
10 49688233555
10 49688233559
10 49688233563
10 49688233568
10 49688233572
10 49688233576
10 49688233580
10 49688233586
10 49688233590
