6 49688187711
6 49688187719
6 49688187767
6 49688187778
6 49688187798
7 49688188313
7 49688188325
7 49688188329
7 49688188350
7 49688188358
7 49688188363
7 49688188376
7 49688188383
7 49688188387
7 49688188394
7 49688188418
7 49688188433
7 49688188466
7 49688188471
7 49688188475
7 49688188479
9 49688189688
9 49688189694
9 49688189699
9 49688189703
9 49688189707
9 49688189711
9 49688189718
9 49688189723
9 49688189728
9 49688189732
9 49688189745
9 49688189749
9 49688189753
9 49688189757
9 49688189767
9 49688189772
9 49688189776
9 49688189783
9 49688189787
9 49688189793
9 49688189798
9 49688189803
9 49688189812
9 49688189816
9 49688189824
9 49688189828
9 49688189832
9 49688189836
9 49688189841
9 49688189845
9 49688189849
9 49688189853
10 49688190352
10 49688190356
10 49688190361
10 49688190365
10 49688190375
10 49688190379
10 49688190384
10 49688190391
10 49688190395
10 49688190402
10 49688190407
10 49688190420
10 49688190424
10 49688190431
10 49688190439
10 49688190444
10 49688190448
10 49688190452
10 49688190456
10 49688190460
10 49688190464
10 49688190468
10 49688190473
10 49688190477
10 49688190481
10 49688190486
10 49688190490
10 49688190495
10 49688190502
10 49688190507
10 49688190512
