48
56
56
55
55
55
55
56
54
56
55
55
56
56
57
55
55
55
55
55
55
54
55
55
56
55
55
55
56
55
55
56
54
52
47
46
70
55
55
55
55
57
56
57
57
56
56
54
56
55
55
56
57
55
56
52
47
63
56
55
56
56
57
56
57
56
56
47
61
55
56
55
51
57
55
55
55
55
56
56
57
56
56
56
56
57
55
55
57
57
56
57
57
56
56
56
56
56
57
57
57
57
56
56
57
56
56
54
56
57
56
56
56
57
56
57
56
57
58
57
52
47
62
55
54
55
56
55
55
55
54
55
56
55
55
55
55
54
56
56
55
56
56
55
56
56
56
55
56
51
57
55
56
56
57
56
57
56
56
57
56
57
57
55
56
56
56
56
57
56
57
56
57
57
56
56
56
57
57
57
57
58
58
59
55
55
56
55
55
56
56
56
57
56
57
56
56
58
56
57
56
57
56
56
56
56
56
56
57
58
46
61
55
51
47
63
54
55
55
56
57
56
56
57
56
55
55
56
57
57
57
56
57
52
47
47
63
47
66
55
56
57
57
56
56
56
57
56
56
57
57
57
56
57
56
56
57
57
57
57
56
57
57
57
56
56
57
56
57
56
57
57
56
56
56
57
57
52
46
47
71
56
56
56
56
57
56
56
56
56
56
56
57
56
56
56
57
57
56
56
57
57
52
47
47
69
56
55
55
56
56
56
55
55
54
56
51
57
56
55
57
56
56
56
57
57
56
57
56
57
52
57
56
56
56
56
55
56
57
57
57
57
60
55
55
55
57
57
52
47
64
54
56
57
55
57
56
57
56
56
57
57
56
52
56
56
56
56
52
47
64
54
56
56
57
56
56
56
57
57
56
57
56
56
56
57
56
57
56
56
56
55
56
57
56
55
55
56
56
53
47
63
55
55
56
56
54
55
56
56
56
56
56
57
56
57
55
56
56
56
55
56
52
56
56
55
55
55
54
55
55
55
51
47
63
55
54
55
56
56
57
56
56
56
55
57
56
57
56
56
55
55
57
56
56
55
55
56
52
47
63
55
54
55
56
56
56
55
55
52
57
56
56
57
56
56
57
56
57
56
56
57
56
57
57
56
56
56
56
57
57
56
57
56
57
55
56
56
57
56
56
57
57
56
56
57
56
57
56
57
56
56
56
57
56
56
57
56
56
57
56
56
51
47
64
54
56
56
56
55
56
55
55
56
57
56
57
52
57
55
56
56
56
57
56
56
57
56
56
57
56
58
56
57
57
56
56
56
52
58
55
56
56
57
57
57
56
56
57
56
57
56
52
58
55
56
56
56
56
56
55
56
57
56
54
56
54
55
55
56
55
55
56
56
55
56
56
55
56
56
57
55
56
55
57
56
57
56
55
55
57
56
57
56
57
56
57
56
57
57
56
52
58
56
57
56
57
55
57
56
56
52
46
64
55
54
55
55
55
55
55
56
57
56
55
56
55
57
57
56
55
56
55
56
56
55
56
57
56
56
57
56
57
55
56
57
57
56
56
57
56
56
56
55
56
57
56
56
55
57
56
57
57
55
56
56
55
57
57
56
55
56
56
55
55
55
57
56
56
56
56
56
56
56
55
57
52
60
57
56
56
57
56
56
56
56
56
56
56
52
57
51
47
63
55
55
54
56
55
55
55
55
55
55
55
55
55
51
47
64
55
57
57
56
57
55
56
55
56
56
55
55
56
56
57
55
56
56
57
56
55
55
55
54
55
55
55
56
52
57
55
55
57
56
57
56
57
57
56
56
56
57
57
56
57
56
56
57
57
56
57
57
56
56
56
56
52
47
64
55
56
57
52
47
63
55
56
57
52
47
47
69
56
56
52
47
47
70
56
56
57
57
56
56
52
47
63
55
56
57
57
56
57
56
52
47
47
62
47
67
56
55
57
56
52
47
64
56
56
57
55
57
52
47
47
70
51
56
56
57
57
55
55
55
55
54
55
56
55
56
56
51
57
55
55
56
56
56
57
56
56
56
57
57
56
55
56
55
55
56
57
57
56
57
57
56
56
57
57
56
56
57
56
57
56
57
56
57
57
57
56
57
57
56
57
56
56
57
56
57
57
56
56
56
57
57
56
57
52
47
46
70
55
55
55
57
56
57
57
55
57
56
57
56
57
56
57
56
57
56
57
56
57
56
57
56
57
56
56
56
56
57
57
55
55
56
57
57
56
56
57
56
56
57
56
57
56
57
56
56
57
56
57
52
47
64
55
56
56
55
56
56
55
57
55
56
56
56
55
56
