6 49688872495
6 49688872513
6 49688872531
6 49688872539
6 49688872563
6 49688872567
6 49688872573
6 49688872589
6 49688872596
6 49688872602
6 49688872606
6 49688872613
6 49688872622
6 49688872631
6 49688872635
6 49688872655
6 49688872660
7 49688873153
7 49688873157
7 49688873161
7 49688873173
7 49688873178
7 49688873184
7 49688873189
7 49688873193
7 49688873209
7 49688873213
7 49688873217
7 49688873228
7 49688873232
7 49688873236
7 49688873242
7 49688873250
7 49688873256
7 49688873267
7 49688873273
8 49688873762
8 49688873778
8 49688873782
8 49688873787
8 49688873791
8 49688873798
8 49688873802
8 49688873807
8 49688873811
8 49688873819
8 49688873825
8 49688873829
8 49688873833
8 49688873837
8 49688873842
8 49688873846
8 49688873851
8 49688873855
8 49688873860
8 49688873865
8 49688873869
8 49688873874
8 49688873878
8 49688873883
8 49688873887
8 49688873891
8 49688873895
8 49688873903
8 49688873907
8 49688873911
8 49688873919
8 49688873924
8 49688873929
8 49688873934
9 49688874428
9 49688874434
9 49688874438
9 49688874443
9 49688874447
9 49688874453
9 49688874458
9 49688874463
9 49688874474
9 49688874488
9 49688874493
9 49688874497
9 49688874502
9 49688874506
9 49688874517
9 49688874528
9 49688874534
9 49688874541
9 49688874554
9 49688874566
9 49688874573
9 49688874577
9 49688874583
9 49688874587
9 49688874600
10 49688875080
10 49688875087
10 49688875094
10 49688875106
10 49688875110
10 49688875114
10 49688875120
10 49688875124
10 49688875129
10 49688875133
10 49688875137
10 49688875142
10 49688875147
10 49688875151
10 49688875156
10 49688875160
10 49688875164
10 49688875171
10 49688875180
10 49688875186
10 49688875195
10 49688875204
10 49688875208
10 49688875212
10 49688875217
10 49688875221
10 49688875225
10 49688875229
10 49688875233
10 49688875238
10 49688875245
10 49688875249
10 49688875253
10 49688875258
