6 49688888958
6 49688888966
6 49688888980
6 49688888996
6 49688889001
6 49688889011
6 49688889021
6 49688889039
6 49688889051
6 49688889056
6 49688889073
6 49688889091
6 49688889118
7 49688889596
7 49688889603
7 49688889612
7 49688889616
7 49688889621
7 49688889625
7 49688889631
7 49688889637
7 49688889645
7 49688889650
7 49688889655
7 49688889659
7 49688889675
7 49688889679
7 49688889684
7 49688889690
7 49688889694
7 49688889698
7 49688889708
7 49688889713
7 49688889720
7 49688889724
7 49688889731
7 49688889735
7 49688889742
7 49688889746
7 49688889750
7 49688889754
7 49688889758
7 49688889769
8 49688890249
8 49688890266
8 49688890279
8 49688890283
8 49688890291
8 49688890300
8 49688890304
8 49688890308
8 49688890313
8 49688890317
8 49688890322
8 49688890327
8 49688890331
8 49688890335
8 49688890339
8 49688890345
8 49688890350
8 49688890354
8 49688890359
8 49688890364
8 49688890369
8 49688890373
8 49688890381
8 49688890385
8 49688890389
8 49688890393
8 49688890399
8 49688890407
8 49688890411
8 49688890420
8 49688890424
9 49688890927
9 49688890931
9 49688890935
9 49688890941
9 49688890945
9 49688890950
9 49688890954
9 49688890959
9 49688890967
9 49688890973
9 49688890977
9 49688890981
9 49688890986
9 49688890992
9 49688891000
9 49688891005
9 49688891010
9 49688891014
9 49688891018
9 49688891022
9 49688891027
9 49688891031
9 49688891035
9 49688891042
9 49688891046
9 49688891051
9 49688891055
9 49688891060
9 49688891065
9 49688891069
9 49688891074
9 49688891078
9 49688891082
9 49688891086
10 49688891562
10 49688891576
10 49688891581
10 49688891585
10 49688891590
10 49688891596
10 49688891602
10 49688891606
10 49688891611
10 49688891615
10 49688891619
10 49688891624
10 49688891628
10 49688891632
10 49688891637
10 49688891641
10 49688891646
10 49688891650
10 49688891654
10 49688891658
10 49688891662
10 49688891666
10 49688891680
10 49688891686
10 49688891691
10 49688891695
10 49688891699
10 49688891707
10 49688891712
10 49688891716
10 49688891722
10 49688891727
10 49688891731
10 49688891736
10 49688891741
